# $E$ (mev)	Int (arb. units)	Err. bars (arb. units)
-2.914000e+02	1.266933e+00	4.698332e+00
-2.867000e+02	4.105524e+00	5.691833e+00
-2.820000e+02	8.185537e+00	7.124162e+00
-2.773000e+02	2.156532e+00	5.005440e+00
-2.726000e+02	7.358235e-01	4.514119e+00
-2.679000e+02	7.367223e-01	4.510615e+00
-2.632000e+02	3.815549e-01	4.386255e+00
-2.585000e+02	2.035918e-01	4.322439e+00
-2.538000e+02	2.034517e-01	4.323770e+00
-2.491000e+02	5.582175e-01	4.450037e+00
-2.444000e+02	9.127589e-01	4.574616e+00
-2.397000e+02	-3.280252e-01	4.135201e+00
-2.350000e+02	1.089530e+00	4.631702e+00
-2.303000e+02	1.088524e+00	4.632062e+00
-2.256000e+02	1.088798e+00	4.632704e+00
-2.209000e+02	2.031258e-01	4.323929e+00
-2.162000e+02	5.587189e-01	4.446760e+00
-2.115000e+02	-1.505415e-01	4.197725e+00
-2.068000e+02	-1.503934e-01	4.197829e+00
-2.021000e+02	5.578916e-01	4.448797e+00
-1.974000e+02	3.810835e-01	4.386304e+00
-1.927000e+02	2.035586e-01	4.324163e+00
-1.880000e+02	5.591389e-01	4.447838e+00
-1.833000e+02	1.091167e+00	4.638640e+00
-1.786000e+02	1.445751e+00	4.724824e+00
-1.739000e+02	1.621842e+00	4.823502e+00
-1.692000e+02	9.134240e-01	4.568406e+00
-1.645000e+02	-3.271515e-01	4.134092e+00
-1.598000e+02	5.581887e-01	4.445787e+00
-1.551000e+02	2.631485e-02	4.260154e+00
-1.504000e+02	2.788058e-02	4.258390e+00
-1.457000e+02	-1.497257e-01	4.198185e+00
-1.410000e+02	-1.507446e-01	4.163227e+00
-1.363000e+02	2.674275e-02	4.259729e+00
-1.316000e+02	5.577871e-01	4.447784e+00
-1.269000e+02	-3.278115e-01	4.136174e+00
-1.222000e+02	3.812568e-01	4.382628e+00
-1.175000e+02	-3.277311e-01	4.135811e+00
-1.128000e+02	-1.511566e-01	4.198055e+00
-1.081000e+02	5.567539e-01	4.449583e+00
-1.034000e+02	9.128331e-01	4.572013e+00
-9.870000e+01	2.040770e-01	4.323576e+00
-9.400000e+01	5.593138e-01	4.445511e+00
-8.930000e+01	2.693821e-02	4.258422e+00
-8.460000e+01	9.124042e-01	4.575059e+00
-7.990000e+01	5.589052e-01	4.446065e+00
-7.520000e+01	7.352204e-01	4.507867e+00
-7.050000e+01	2.044136e-01	4.321579e+00
-6.580000e+01	1.268238e+00	4.690611e+00
-6.110000e+01	3.813161e-01	4.381692e+00
-5.640000e+01	1.265626e+00	4.695861e+00
-5.170000e+01	1.799797e+00	4.845871e+00
-4.700000e+01	1.619409e+00	4.823849e+00
-4.230000e+01	1.799140e+00	4.881087e+00
-3.760000e+01	2.330281e+00	5.035020e+00
-3.290000e+01	4.632336e+00	5.878803e+00
-2.820000e+01	8.351888e+00	7.041923e+00
-2.350000e+01	1.685523e+01	9.933791e+00
-1.880000e+01	2.447477e+01	1.258749e+01
-1.410000e+01	3.706067e+01	1.645722e+01
-9.400000e+00	5.405669e+01	2.180967e+01
-4.700000e+00	7.107176e+01	2.622864e+01
0.000000e+00	7.957629e+01	2.786344e+01
4.700000e+00	7.442875e+01	2.705775e+01
9.400000e+00	7.938933e+01	2.860961e+01
1.410000e+01	7.088711e+01	2.647548e+01
1.880000e+01	6.769698e+01	2.557184e+01
2.350000e+01	6.079046e+01	2.355609e+01
2.820000e+01	5.353541e+01	2.123702e+01
3.290000e+01	4.041514e+01	1.722975e+01
3.760000e+01	4.094309e+01	1.752954e+01
4.230000e+01	2.943126e+01	1.409375e+01
4.700000e+01	2.659940e+01	1.309257e+01
5.170000e+01	1.969246e+01	1.089783e+01
5.640000e+01	1.313491e+01	8.809345e+00
6.110000e+01	1.313536e+01	8.692547e+00
6.580000e+01	9.412396e+00	7.455759e+00
7.050000e+01	7.112599e+00	6.706854e+00
7.520000e+01	9.060054e+00	7.375232e+00
7.990000e+01	7.115706e+00	6.718142e+00
8.460000e+01	7.109660e+00	6.749577e+00
8.930000e+01	6.222361e+00	6.442611e+00
9.400000e+01	6.224959e+00	6.411551e+00
9.870000e+01	4.101362e+00	5.692466e+00
1.034000e+02	4.278526e+00	5.724417e+00
1.081000e+02	4.100439e+00	5.666364e+00
1.128000e+02	2.859673e+00	5.258868e+00
1.175000e+02	1.975986e+00	4.942420e+00
1.222000e+02	1.798696e+00	4.883113e+00
1.269000e+02	2.684216e+00	5.198150e+00
1.316000e+02	1.974666e+00	4.946524e+00
1.363000e+02	3.744668e+00	5.535719e+00
1.410000e+02	1.975378e+00	4.944533e+00
1.457000e+02	3.922512e+00	5.632590e+00
1.504000e+02	1.798169e+00	4.882271e+00
1.551000e+02	1.622662e+00	4.784103e+00
1.598000e+02	1.267068e+00	4.697777e+00
1.645000e+02	2.153366e+00	5.006693e+00
1.692000e+02	1.799102e+00	4.884458e+00
1.739000e+02	1.266996e+00	4.699100e+00
1.786000e+02	2.862133e+00	5.260334e+00
1.833000e+02	1.266331e+00	4.697314e+00
1.880000e+02	2.152541e+00	4.976467e+00
1.927000e+02	1.267063e+00	4.661844e+00
1.974000e+02	2.684599e+00	5.196537e+00
2.021000e+02	1.798579e+00	4.848023e+00
2.068000e+02	3.810345e-01	4.382730e+00
2.115000e+02	3.818031e-01	4.383937e+00
2.162000e+02	1.265273e+00	4.698226e+00
2.209000e+02	7.361217e-01	4.507772e+00
2.256000e+02	1.090273e+00	4.630747e+00
2.303000e+02	-1.508630e-01	4.197140e+00
2.350000e+02	3.817767e-01	4.383693e+00
2.397000e+02	2.581145e-02	4.260858e+00
2.444000e+02	-1.503030e-01	4.194993e+00
2.491000e+02	2.611069e-02	4.260181e+00
2.538000e+02	-1.502661e-01	4.198618e+00
2.585000e+02	2.035765e-01	4.323998e+00
2.632000e+02	2.041034e-01	4.321806e+00
2.679000e+02	-1.505704e-01	4.195006e+00
2.726000e+02	-5.046036e-01	4.071193e+00
2.773000e+02	-5.045929e-01	4.072063e+00
2.820000e+02	-1.502412e-01	4.197315e+00
2.867000e+02	-5.045995e-01	4.072864e+00
2.914000e+02	-5.048956e-01	4.072501e+00
2.961000e+02	-1.505622e-01	4.198255e+00
3.008000e+02	-6.817662e-01	4.009988e+00
3.055000e+02	-1.500176e-01	4.199965e+00
3.102000e+02	-5.044871e-01	4.071734e+00
3.149000e+02	-6.817662e-01	4.009988e+00
3.196000e+02	-5.042784e-01	4.071831e+00
3.243000e+02	-3.274303e-01	4.133269e+00
3.290000e+02	-1.501405e-01	4.195886e+00
3.337000e+02	1.089750e+00	4.630022e+00
3.384000e+02	7.351669e-01	4.506344e+00
3.431000e+02	-1.505821e-01	4.193559e+00
3.478000e+02	-5.047555e-01	4.071170e+00
3.525000e+02	-6.817662e-01	4.009988e+00
3.572000e+02	-1.510520e-01	4.198975e+00
3.619000e+02	-3.280293e-01	4.135881e+00
3.666000e+02	5.585024e-01	4.447940e+00
3.713000e+02	2.685089e-02	4.262912e+00
3.760000e+02	-3.272671e-01	4.136639e+00
3.807000e+02	-5.044631e-01	4.073015e+00
3.854000e+02	-6.817662e-01	4.009988e+00
