# $E$ (mev)	Int (arb. units)	Err. bars (arb. units)
-2.961000e+02	-1.355760e-01	5.162639e+00
-2.914000e+02	-9.688417e-01	4.853969e+00
-2.867000e+02	-9.688417e-01	4.853969e+00
-2.820000e+02	-1.343889e-01	5.160152e+00
-2.773000e+02	-1.373685e-01	5.165158e+00
-2.726000e+02	-4.693079e-01	5.041828e+00
-2.679000e+02	-4.761869e-01	5.039727e+00
-2.632000e+02	-4.738132e-01	5.039963e+00
-2.585000e+02	-1.393658e-01	5.160255e+00
-2.538000e+02	3.157865e-02	5.224469e+00
-2.491000e+02	1.994867e-01	5.284389e+00
-2.444000e+02	2.017853e-01	5.283132e+00
-2.397000e+02	5.332068e-01	5.407673e+00
-2.350000e+02	3.668112e-01	5.346926e+00
-2.303000e+02	1.965451e-01	5.285727e+00
-2.256000e+02	-3.023518e-01	5.100749e+00
-2.209000e+02	1.951211e-01	5.287385e+00
-2.162000e+02	6.923939e-01	5.473305e+00
-2.115000e+02	-1.421748e-01	5.162791e+00
-2.068000e+02	5.163307e-01	5.408491e+00
-2.021000e+02	5.222520e-01	5.411163e+00
-1.974000e+02	-4.730837e-01	5.040470e+00
-1.927000e+02	-3.039034e-01	5.100377e+00
-1.880000e+02	-3.023518e-01	5.100749e+00
-1.833000e+02	3.621074e-01	5.315000e+00
-1.786000e+02	-4.704524e-01	5.040054e+00
-1.739000e+02	3.030986e-02	5.222548e+00
-1.692000e+02	-1.367590e-01	5.163352e+00
-1.645000e+02	-4.684480e-01	5.040823e+00
-1.598000e+02	5.372883e-01	5.407470e+00
-1.551000e+02	-6.367621e-01	4.978157e+00
-1.504000e+02	-1.362209e-01	5.162864e+00
-1.457000e+02	1.030535e+00	5.598521e+00
-1.410000e+02	1.030063e+00	5.595221e+00
-1.363000e+02	1.205873e+00	5.660613e+00
-1.316000e+02	8.676096e-01	5.532803e+00
-1.269000e+02	5.299900e-01	5.408432e+00
-1.222000e+02	-1.370618e-01	5.164168e+00
-1.175000e+02	3.613045e-01	5.338408e+00
-1.128000e+02	5.294029e-01	5.410327e+00
-1.081000e+02	6.941190e-01	5.472196e+00
-1.034000e+02	3.239007e-02	5.221564e+00
-9.870000e+01	1.963157e-01	5.284168e+00
-9.400000e+01	1.370227e+00	5.715176e+00
-8.930000e+01	8.640639e-01	5.531443e+00
-8.460000e+01	1.366224e+00	5.713580e+00
-7.990000e+01	-1.369538e-01	5.162237e+00
-7.520000e+01	-3.038179e-01	5.100429e+00
-7.050000e+01	5.313781e-01	5.405417e+00
-6.580000e+01	5.228341e-01	5.412613e+00
-6.110000e+01	1.198623e+00	5.655813e+00
-5.640000e+01	8.566104e-01	5.524793e+00
-5.170000e+01	1.693011e+00	5.836489e+00
-4.700000e+01	1.859105e+00	5.905055e+00
-4.230000e+01	3.187752e+00	6.389170e+00
-3.760000e+01	2.860888e+00	6.273450e+00
-3.290000e+01	4.018166e+00	6.677070e+00
-2.820000e+01	8.869432e+00	8.378003e+00
-2.350000e+01	1.785686e+01	1.148635e+01
-1.880000e+01	2.734130e+01	1.487600e+01
-1.410000e+01	3.832457e+01	1.847834e+01
-9.400000e+00	4.398882e+01	2.024332e+01
-4.700000e+00	5.098974e+01	2.188346e+01
0.000000e+00	5.180560e+01	2.294575e+01
4.700000e+00	5.224138e+01	2.266394e+01
9.400000e+00	5.546963e+01	2.370763e+01
1.410000e+01	4.965822e+01	2.195680e+01
1.880000e+01	4.348284e+01	2.008668e+01
2.350000e+01	4.052906e+01	1.945577e+01
2.820000e+01	2.916544e+01	1.510436e+01
3.290000e+01	2.832461e+01	1.499717e+01
3.760000e+01	2.186346e+01	1.296307e+01
4.230000e+01	2.151912e+01	1.271136e+01
4.700000e+01	1.666162e+01	1.106154e+01
5.170000e+01	1.221127e+01	9.638934e+00
5.640000e+01	1.267392e+01	9.775086e+00
6.110000e+01	9.521139e+00	8.653300e+00
6.580000e+01	5.365721e+00	7.155574e+00
7.050000e+01	4.018500e+00	6.690716e+00
7.520000e+01	3.690503e+00	6.564209e+00
7.990000e+01	4.371340e+00	6.796236e+00
8.460000e+01	3.536751e+00	6.510274e+00
8.930000e+01	3.191454e+00	6.361401e+00
9.400000e+01	3.532520e+00	6.499956e+00
9.870000e+01	3.201873e+00	6.388550e+00
1.034000e+02	3.866698e+00	6.624603e+00
1.081000e+02	2.693949e+00	6.205484e+00
1.128000e+02	2.358517e+00	6.076220e+00
1.175000e+02	2.516089e+00	6.141703e+00
1.222000e+02	1.697583e+00	5.831181e+00
1.269000e+02	1.198941e+00	5.648171e+00
1.316000e+02	1.701570e+00	5.835598e+00
1.363000e+02	1.693308e+00	5.832812e+00
1.410000e+02	6.981332e-01	5.469913e+00
1.457000e+02	3.220280e-02	5.227181e+00
1.504000e+02	1.027610e+00	5.592764e+00
1.551000e+02	8.625861e-01	5.532330e+00
1.598000e+02	1.697220e+00	5.828394e+00
1.645000e+02	1.203638e+00	5.617133e+00
1.692000e+02	6.987983e-01	5.467469e+00
1.739000e+02	8.596293e-01	5.537214e+00
1.786000e+02	1.032965e+00	5.584462e+00
1.833000e+02	1.693038e+00	5.803672e+00
1.880000e+02	1.200405e+00	5.655568e+00
1.927000e+02	2.033190e+00	5.948407e+00
1.974000e+02	5.310258e-01	5.401753e+00
2.021000e+02	3.717764e-01	5.345649e+00
2.068000e+02	-1.347114e-01	5.160724e+00
2.115000e+02	1.948794e-01	5.286091e+00
2.162000e+02	1.201606e+00	5.641129e+00
2.209000e+02	8.739297e-01	5.511756e+00
2.256000e+02	1.201762e+00	5.651147e+00
2.303000e+02	7.018162e-01	5.467676e+00
2.350000e+02	1.357813e+00	5.714537e+00
2.397000e+02	6.947102e-01	5.462203e+00
2.444000e+02	1.020677e+00	5.587127e+00
2.491000e+02	6.894513e-01	5.472855e+00
2.538000e+02	-1.400107e-01	5.157624e+00
2.585000e+02	-1.314259e-01	5.160027e+00
2.632000e+02	3.019341e-02	5.221011e+00
2.679000e+02	6.974599e-01	5.469550e+00
2.726000e+02	-6.353577e-01	4.975848e+00
2.773000e+02	-4.696813e-01	5.005737e+00
2.820000e+02	-3.028065e-01	5.102631e+00
2.867000e+02	2.995318e-02	5.222108e+00
2.914000e+02	-6.361615e-01	4.974198e+00
2.961000e+02	-3.065053e-01	5.102773e+00
3.008000e+02	-3.023602e-01	5.101059e+00
3.055000e+02	-1.350923e-01	5.162219e+00
3.102000e+02	1.975941e-01	5.285095e+00
3.149000e+02	-6.348178e-01	4.975454e+00
3.196000e+02	-8.013666e-01	4.915068e+00
3.243000e+02	1.929283e-02	5.227590e+00
3.290000e+02	1.890164e-01	5.287505e+00
3.337000e+02	-8.046590e-01	4.916078e+00
3.384000e+02	-6.380670e-01	4.978234e+00
3.431000e+02	-6.369448e-01	4.975666e+00
3.478000e+02	-8.030719e-01	4.916260e+00
3.525000e+02	-3.011516e-01	5.101798e+00
3.572000e+02	2.030898e-01	5.287051e+00
3.619000e+02	8.597931e-01	5.498671e+00
3.666000e+02	-3.030496e-01	5.095278e+00
3.713000e+02	-9.688417e-01	4.853969e+00
3.760000e+02	-9.688417e-01	4.853969e+00
3.807000e+02	-4.688684e-01	5.036929e+00
