# $E$ (mev)	Int (arb. units)	Err. bars (arb. units)
-2.679000e+02	3.451263e-02	2.707316e+00
-2.632000e+02	-6.352042e-01	2.668567e+00
-2.585000e+02	-1.290284e+00	2.629876e+00
-2.538000e+02	-1.014793e+00	2.645946e+00
-2.491000e+02	-6.364467e-01	2.668023e+00
-2.444000e+02	-1.011826e+00	2.646213e+00
-2.397000e+02	-4.622496e-01	2.678599e+00
-2.350000e+02	3.031400e-01	2.722918e+00
-2.303000e+02	1.116471e-02	2.706772e+00
-2.256000e+02	-5.617862e-01	2.673553e+00
-2.209000e+02	2.145659e-01	2.716932e+00
-2.162000e+02	-6.390989e-01	2.667391e+00
-2.115000e+02	-6.260933e-01	2.664144e+00
-2.068000e+02	-7.364189e-01	2.661862e+00
-2.021000e+02	2.033557e-01	2.716677e+00
-1.974000e+02	-5.517992e-01	2.673108e+00
-1.927000e+02	-4.383465e-01	2.679624e+00
-1.880000e+02	-1.005911e+00	2.645804e+00
-1.833000e+02	-1.109832e+00	2.640091e+00
-1.786000e+02	-4.478361e-01	2.677981e+00
-1.739000e+02	-6.458922e-01	2.667040e+00
-1.692000e+02	1.146224e-01	2.712341e+00
-1.645000e+02	1.360932e+00	2.784019e+00
-1.598000e+02	5.939951e-01	2.738868e+00
-1.551000e+02	2.855227e-01	2.724136e+00
-1.504000e+02	-6.372851e-01	2.667590e+00
-1.457000e+02	-1.099832e+00	2.640010e+00
-1.410000e+02	-9.992176e-01	2.646612e+00
-1.363000e+02	-7.285805e-01	2.662445e+00
-1.316000e+02	-6.311778e-01	2.667281e+00
-1.269000e+02	3.647061e-02	2.705585e+00
-1.222000e+02	-1.371811e+00	2.625063e+00
-1.175000e+02	-8.330275e-01	2.656807e+00
-1.128000e+02	-1.016859e+00	2.645922e+00
-1.081000e+02	-7.299555e-01	2.662353e+00
-1.034000e+02	-1.309522e+00	2.629321e+00
-9.870000e+01	-1.885543e-01	2.697180e+00
-9.400000e+01	-6.535945e-01	2.668952e+00
-8.930000e+01	2.204111e+00	2.831040e+00
-8.460000e+01	6.761327e-01	2.745836e+00
-7.990000e+01	9.494484e-01	2.762760e+00
-7.520000e+01	9.790413e-01	2.758418e+00
-7.050000e+01	1.262794e+00	2.778088e+00
-6.580000e+01	8.769258e-01	2.755390e+00
-6.110000e+01	3.425392e-02	2.705560e+00
-5.640000e+01	3.304386e-01	2.723109e+00
-5.170000e+01	3.367832e-01	2.724326e+00
-4.700000e+01	-5.120197e-02	2.701330e+00
-4.230000e+01	3.378179e-02	2.705482e+00
-3.760000e+01	-5.818602e-02	2.700478e+00
-3.290000e+01	1.900827e+00	2.816034e+00
-2.820000e+01	4.565127e+00	2.969761e+00
-2.350000e+01	5.456310e+00	3.022382e+00
-1.880000e+01	1.263456e+01	3.419762e+00
-1.410000e+01	1.978846e+01	3.840604e+00
-9.400000e+00	2.849154e+01	4.319300e+00
-4.700000e+00	4.184254e+01	5.087922e+00
0.000000e+00	4.467176e+01	5.266096e+00
4.700000e+00	4.347691e+01	5.184050e+00
9.400000e+00	5.013976e+01	5.545375e+00
1.410000e+01	4.359211e+01	5.180512e+00
1.880000e+01	4.071205e+01	5.034640e+00
2.350000e+01	3.877677e+01	4.915658e+00
2.820000e+01	3.178116e+01	4.526071e+00
3.290000e+01	3.205986e+01	4.536624e+00
3.760000e+01	2.106160e+01	3.915115e+00
4.230000e+01	1.691155e+01	3.687408e+00
4.700000e+01	1.275641e+01	3.448206e+00
5.170000e+01	1.048309e+01	3.314713e+00
5.640000e+01	6.691445e+00	3.090950e+00
6.110000e+01	7.978710e+00	3.166058e+00
6.580000e+01	3.349517e+00	2.899610e+00
7.050000e+01	3.729500e+00	2.921889e+00
7.520000e+01	2.783058e+00	2.866573e+00
7.990000e+01	2.188899e+00	2.833787e+00
8.460000e+01	1.643781e+00	2.796892e+00
8.930000e+01	1.879740e-01	2.718420e+00
9.400000e+01	2.134271e+00	2.828651e+00
9.870000e+01	9.862302e-01	2.762445e+00
1.034000e+02	2.122595e-01	2.717342e+00
1.081000e+02	1.936670e+00	2.817441e+00
1.128000e+02	9.526914e-01	2.761433e+00
1.175000e+02	3.023476e+00	2.884207e+00
1.222000e+02	1.431562e+00	2.787536e+00
1.269000e+02	1.438767e+00	2.788994e+00
1.316000e+02	1.164922e+00	2.771851e+00
1.363000e+02	6.106523e-01	2.739626e+00
1.410000e+02	1.261924e+00	2.777730e+00
1.457000e+02	1.444406e+00	2.788737e+00
1.504000e+02	1.541555e+00	2.792477e+00
1.551000e+02	1.531226e+00	2.787204e+00
1.598000e+02	1.067000e+00	2.760919e+00
1.645000e+02	6.795357e-01	2.744852e+00
1.692000e+02	-7.193345e-02	2.700808e+00
1.739000e+02	-5.443960e-01	2.673770e+00
1.786000e+02	-1.193590e+00	2.635638e+00
1.833000e+02	-5.367697e-01	2.673971e+00
1.880000e+02	3.034770e-01	2.723373e+00
1.927000e+02	-4.374991e-01	2.679146e+00
1.974000e+02	6.176460e-01	2.741106e+00
2.021000e+02	8.071816e-01	2.751566e+00
2.068000e+02	4.530724e-02	2.703763e+00
2.115000e+02	2.431713e+00	2.841048e+00
2.162000e+02	7.982863e-01	2.737862e+00
2.209000e+02	3.312086e-01	2.716973e+00
2.256000e+02	-4.207864e-01	2.680054e+00
2.303000e+02	7.237274e-01	2.743454e+00
2.350000e+02	-4.547667e-02	2.700538e+00
2.397000e+02	1.459219e+00	2.787618e+00
2.444000e+02	1.171172e+00	2.770902e+00
2.491000e+02	4.269269e-01	2.728905e+00
2.538000e+02	2.318772e+00	2.838797e+00
2.585000e+02	1.378288e+00	2.777984e+00
2.632000e+02	1.763694e+00	2.801462e+00
2.679000e+02	-4.620186e-02	2.702685e+00
2.726000e+02	5.156017e-01	2.732601e+00
2.773000e+02	4.980030e-02	2.705816e+00
2.820000e+02	2.225506e-01	2.718353e+00
2.867000e+02	3.174619e-01	2.722556e+00
2.914000e+02	-1.375771e-01	2.698521e+00
2.961000e+02	7.205165e-01	2.748985e+00
3.008000e+02	-7.241703e-01	2.662276e+00
3.055000e+02	-2.439282e-01	2.689929e+00
3.102000e+02	7.253542e-01	2.747931e+00
3.149000e+02	6.271761e-01	2.742392e+00
3.196000e+02	1.311027e-01	2.711699e+00
3.243000e+02	-1.366400e-01	2.697303e+00
3.290000e+02	5.075635e-01	2.733854e+00
3.337000e+02	5.876331e-01	2.738576e+00
3.384000e+02	1.142811e+00	2.772210e+00
3.431000e+02	5.870927e-01	2.738898e+00
3.478000e+02	1.530478e+00	2.794683e+00
3.525000e+02	7.814442e-01	2.750575e+00
3.572000e+02	1.084483e+00	2.767690e+00
3.619000e+02	7.021635e-01	2.742327e+00
3.666000e+02	5.231628e-02	2.707856e+00
3.713000e+02	-3.337222e-01	2.682407e+00
3.760000e+02	2.932614e-02	2.706935e+00
3.807000e+02	1.453789e+00	2.786551e+00
3.854000e+02	4.015431e-01	2.728886e+00
3.901000e+02	1.531879e+00	2.792222e+00
3.948000e+02	5.970445e-01	2.740068e+00
3.995000e+02	-5.348491e-01	2.673486e+00
4.042000e+02	-5.262461e-01	2.674057e+00
4.089000e+02	-3.494999e-01	2.684491e+00
