# $E$ (mev)	Int (arb. units)	Err. bars (arb. units)
-1.809500e+02	2.859415e+00	3.791929e+00
-1.762500e+02	-2.279118e-01	3.705256e+00
-1.715500e+02	-5.134289e+00	3.539192e+00
-1.668500e+02	-2.945171e+00	3.615116e+00
-1.621500e+02	-2.945171e+00	3.615116e+00
-1.574500e+02	-1.748114e+00	3.656517e+00
-1.527500e+02	-2.953154e+00	3.615628e+00
-1.480500e+02	-2.945171e+00	3.615116e+00
-1.433500e+02	-4.159491e+00	3.573852e+00
-1.386500e+02	-1.554902e+00	3.657409e+00
-1.339500e+02	-1.634705e+00	3.659771e+00
-1.292500e+02	3.552559e+00	3.837108e+00
-1.245500e+02	8.701914e-01	3.743888e+00
-1.198500e+02	-5.350913e-01	3.652243e+00
-1.151500e+02	2.083555e+00	3.739216e+00
-1.104500e+02	2.312409e+00	3.733866e+00
-1.057500e+02	1.600278e+00	3.739991e+00
-1.010500e+02	2.681572e+00	3.783151e+00
-9.635000e+01	5.699848e+00	3.868383e+00
-9.165000e+01	3.444080e+00	3.788121e+00
-8.695000e+01	5.044070e+00	3.840345e+00
-8.225000e+01	4.710249e+00	3.839876e+00
-7.755000e+01	4.561943e+00	3.839419e+00
-7.285000e+01	2.060172e+00	3.762570e+00
-6.815000e+01	2.046138e+00	3.762739e+00
-6.345000e+01	6.538449e+00	3.915203e+00
-5.875000e+01	1.032759e+01	4.044452e+00
-5.405000e+01	2.488983e+01	4.458384e+00
-4.935000e+01	1.592056e+01	4.159830e+00
-4.465000e+01	2.923711e+01	4.571192e+00
-3.995000e+01	4.484314e+01	5.069107e+00
-3.525000e+01	4.432725e+01	5.074688e+00
-3.055000e+01	7.980221e+01	6.136315e+00
-2.585000e+01	9.667982e+01	6.638437e+00
-2.115000e+01	1.128797e+02	7.067694e+00
-1.645000e+01	1.413022e+02	7.874189e+00
-1.175000e+01	1.917272e+02	9.402176e+00
-7.050000e+00	2.327763e+02	1.053397e+01
-2.350000e+00	2.623926e+02	1.136625e+01
2.350000e+00	2.590589e+02	1.092175e+01
7.050000e+00	2.426546e+02	1.086957e+01
1.175000e+01	2.365250e+02	1.068110e+01
1.645000e+01	2.179093e+02	1.018199e+01
2.115000e+01	1.728282e+02	8.959829e+00
2.585000e+01	1.736546e+02	8.771234e+00
3.055000e+01	1.766132e+02	8.908949e+00
3.525000e+01	1.400609e+02	7.855797e+00
3.995000e+01	1.317749e+02	7.681701e+00
4.465000e+01	8.808476e+01	6.390245e+00
4.935000e+01	1.073064e+02	6.898139e+00
5.405000e+01	7.984800e+01	6.042124e+00
5.875000e+01	5.979950e+01	5.463017e+00
6.345000e+01	3.830935e+01	4.866970e+00
6.815000e+01	1.992355e+01	4.324860e+00
7.285000e+01	3.520972e+01	4.784208e+00
7.755000e+01	3.525415e+01	4.749771e+00
8.225000e+01	2.541038e+01	4.497188e+00
8.695000e+01	1.903101e+01	4.266774e+00
9.165000e+01	2.566981e+01	4.447462e+00
9.635000e+01	3.868126e+00	3.826725e+00
1.010500e+02	1.505087e+01	4.147427e+00
1.057500e+02	1.073422e+01	4.034395e+00
1.104500e+02	6.575826e+00	3.924573e+00
1.151500e+02	1.119068e+01	4.074995e+00
1.198500e+02	1.441639e+01	4.137856e+00
1.245500e+02	2.060842e+01	4.329907e+00
1.292500e+02	6.464318e+00	3.880070e+00
1.339500e+02	3.362562e+00	3.784440e+00
1.386500e+02	3.282559e+00	3.800554e+00
1.433500e+02	1.066747e+01	4.038265e+00
1.480500e+02	8.726552e+00	3.965053e+00
1.527500e+02	-5.219475e-01	3.677970e+00
1.574500e+02	7.715689e+00	3.921093e+00
1.621500e+02	1.809723e+00	3.762431e+00
1.668500e+02	5.193010e+00	3.845608e+00
1.715500e+02	1.407211e+01	4.141320e+00
1.762500e+02	2.970790e+00	3.807925e+00
1.809500e+02	5.463109e+00	3.885319e+00
1.856500e+02	7.223369e+00	3.925664e+00
1.903500e+02	9.303701e-01	3.737745e+00
1.950500e+02	1.367613e+00	3.751520e+00
1.997500e+02	2.116432e+00	3.782531e+00
2.044500e+02	2.547653e+00	3.785635e+00
2.091500e+02	6.880563e+00	3.919328e+00
2.138500e+02	-3.761192e+00	3.583361e+00
2.185500e+02	5.128675e+00	3.835333e+00
2.232500e+02	3.880996e+00	3.824326e+00
2.279500e+02	1.360314e+01	4.084094e+00
2.326500e+02	1.167839e+01	4.020177e+00
2.373500e+02	9.359555e+00	3.951392e+00
2.420500e+02	2.254764e+01	4.342628e+00
2.467500e+02	7.807345e+00	3.921010e+00
2.514500e+02	2.783811e+00	3.777780e+00
2.561500e+02	3.342091e+00	3.785583e+00
2.608500e+02	1.331158e+01	4.124762e+00
2.655500e+02	3.975083e+00	3.794098e+00
2.702500e+02	8.748366e+00	3.956093e+00
2.749500e+02	-7.055153e-01	3.660469e+00
2.796500e+02	3.863712e+00	3.822679e+00
2.843500e+02	1.701779e+00	3.742284e+00
2.890500e+02	-3.008488e-01	3.706099e+00
2.937500e+02	2.434225e+00	3.791656e+00
2.984500e+02	1.892575e+00	3.754587e+00
3.031500e+02	6.398220e+00	3.917014e+00
3.078500e+02	1.369316e+00	3.766645e+00
3.125500e+02	1.122965e+01	4.008233e+00
3.172500e+02	1.330705e+01	4.109612e+00
3.219500e+02	6.155150e+00	3.893645e+00
3.266500e+02	1.147621e+01	4.047821e+00
3.313500e+02	1.351767e+01	4.081430e+00
3.360500e+02	1.168988e+01	4.007528e+00
3.407500e+02	1.410200e+01	4.132809e+00
3.454500e+02	1.550745e+01	4.130017e+00
3.501500e+02	1.903550e+01	4.272200e+00
3.548500e+02	8.891128e+00	3.938232e+00
3.595500e+02	1.353333e+00	3.755609e+00
3.642500e+02	2.120066e+01	4.393535e+00
3.689500e+02	2.364803e+01	4.421764e+00
3.736500e+02	2.766789e+01	4.597568e+00
3.783500e+02	2.261759e+01	4.443457e+00
3.830500e+02	1.191056e+01	4.039495e+00
3.877500e+02	1.416571e+01	4.129316e+00
3.924500e+02	1.911610e+01	4.278469e+00
3.971500e+02	6.279011e+00	3.882138e+00
4.018500e+02	2.689877e+01	4.459818e+00
4.065500e+02	2.676322e+01	4.490929e+00
4.112500e+02	2.188136e+01	4.351853e+00
4.159500e+02	1.688986e+01	4.231677e+00
4.206500e+02	1.763139e+01	4.253746e+00
4.253500e+02	1.466720e+01	4.204880e+00
4.300500e+02	1.008830e+01	4.007636e+00
4.347500e+02	9.825148e+00	3.993841e+00
4.394500e+02	1.546991e+01	4.239171e+00
4.441500e+02	2.097069e+01	4.340276e+00
4.488500e+02	2.085452e+01	4.334886e+00
4.535500e+02	1.596432e+01	4.212325e+00
4.582500e+02	1.789689e+01	4.278336e+00
4.629500e+02	1.970137e+01	4.313699e+00
4.676500e+02	2.594175e+01	4.484937e+00
4.723500e+02	2.256778e+01	4.371184e+00
4.770500e+02	2.158101e+01	4.393336e+00
4.817500e+02	1.385604e+01	4.123653e+00
4.864500e+02	1.301603e+01	4.079949e+00
4.911500e+02	1.352486e+01	4.092405e+00
4.958500e+02	1.279589e+01	4.070782e+00
