# $E$ (mev)	Int (arb. units)	Err. bars (arb. units)
-2.961000e+02	-3.076013e-01	4.693589e+00
-2.914000e+02	3.469996e-01	4.939330e+00
-2.867000e+02	1.830887e-01	4.875270e+00
-2.820000e+02	8.402674e-01	5.126377e+00
-2.773000e+02	5.118808e-01	5.005808e+00
-2.726000e+02	6.721279e-01	5.068286e+00
-2.679000e+02	6.763584e-01	5.061342e+00
-2.632000e+02	1.007951e+00	5.184410e+00
-2.585000e+02	8.403774e-01	5.123167e+00
-2.538000e+02	1.496702e+00	5.370328e+00
-2.491000e+02	1.170000e+00	5.246587e+00
-2.444000e+02	8.413475e-01	5.123952e+00
-2.397000e+02	-3.083457e-01	4.691608e+00
-2.350000e+02	-3.081769e-01	4.690813e+00
-2.303000e+02	3.485034e-01	4.942081e+00
-2.256000e+02	5.125168e-01	5.001280e+00
-2.209000e+02	2.108101e-02	4.813724e+00
-2.162000e+02	-3.090391e-01	4.692242e+00
-2.115000e+02	1.834275e-01	4.876388e+00
-2.068000e+02	-4.718645e-01	4.629740e+00
-2.021000e+02	6.760552e-01	5.060086e+00
-1.974000e+02	6.764851e-01	5.068081e+00
-1.927000e+02	6.799737e-01	5.064088e+00
-1.880000e+02	3.499382e-01	4.935171e+00
-1.833000e+02	-1.433575e-01	4.753715e+00
-1.786000e+02	-6.362444e-01	4.566578e+00
-1.739000e+02	-3.070097e-01	4.693148e+00
-1.692000e+02	1.945933e-02	4.814706e+00
-1.645000e+02	-6.365565e-01	4.568663e+00
-1.598000e+02	1.837629e-01	4.876277e+00
-1.551000e+02	-4.716518e-01	4.631063e+00
-1.504000e+02	1.858084e-01	4.874887e+00
-1.457000e+02	3.477397e-01	4.934819e+00
-1.410000e+02	1.977968e-02	4.813892e+00
-1.363000e+02	1.840116e-01	4.877054e+00
-1.316000e+02	-1.436640e-01	4.754656e+00
-1.269000e+02	-1.454887e-01	4.754369e+00
-1.222000e+02	3.469952e-01	4.938463e+00
-1.175000e+02	8.390518e-01	5.123929e+00
-1.128000e+02	1.166329e+00	5.249705e+00
-1.081000e+02	1.820460e-01	4.876264e+00
-1.034000e+02	3.486638e-01	4.940125e+00
-9.870000e+01	2.027947e-02	4.812897e+00
-9.400000e+01	8.412086e-01	5.123228e+00
-8.930000e+01	8.385789e-01	5.127692e+00
-8.460000e+01	8.407627e-01	5.127769e+00
-7.990000e+01	-1.451714e-01	4.750041e+00
-7.520000e+01	6.759014e-01	5.064113e+00
-7.050000e+01	1.001825e+00	5.180759e+00
-6.580000e+01	1.657870e+00	5.431641e+00
-6.110000e+01	1.836386e-01	4.876592e+00
-5.640000e+01	8.392348e-01	5.127000e+00
-5.170000e+01	6.753391e-01	5.064046e+00
-4.700000e+01	8.385943e-01	5.127144e+00
-4.230000e+01	3.135853e+00	5.986175e+00
-3.760000e+01	3.299165e+00	6.052262e+00
-3.290000e+01	6.588563e+00	7.291393e+00
-2.820000e+01	1.019241e+01	8.507793e+00
-2.350000e+01	1.691169e+01	1.098877e+01
-1.880000e+01	2.510922e+01	1.372679e+01
-1.410000e+01	4.807963e+01	2.128625e+01
-9.400000e+00	5.479118e+01	2.330222e+01
-4.700000e+00	6.332391e+01	2.589727e+01
0.000000e+00	6.940049e+01	2.751438e+01
4.700000e+00	7.940073e+01	3.030360e+01
9.400000e+00	7.168976e+01	2.833231e+01
1.410000e+01	7.561544e+01	2.931514e+01
1.880000e+01	5.643565e+01	2.396789e+01
2.350000e+01	5.232627e+01	2.289882e+01
2.820000e+01	5.134831e+01	2.203582e+01
3.290000e+01	4.086443e+01	1.892164e+01
3.760000e+01	3.331772e+01	1.625720e+01
4.230000e+01	2.379497e+01	1.326238e+01
4.700000e+01	2.231801e+01	1.285006e+01
5.170000e+01	1.379961e+01	9.842726e+00
5.640000e+01	1.199679e+01	9.085735e+00
6.110000e+01	1.084119e+01	8.819687e+00
6.580000e+01	9.370090e+00	8.304278e+00
7.050000e+01	5.757448e+00	6.879362e+00
7.520000e+01	4.444091e+00	6.489988e+00
7.990000e+01	4.613131e+00	6.542010e+00
8.460000e+01	4.612336e+00	6.506077e+00
8.930000e+01	4.447597e+00	6.480204e+00
9.400000e+01	3.464470e+00	6.111316e+00
9.870000e+01	2.643258e+00	5.801308e+00
1.034000e+02	6.744692e-01	5.064559e+00
1.081000e+02	2.150750e+00	5.619502e+00
1.128000e+02	3.135663e+00	5.991291e+00
1.175000e+02	2.484011e+00	5.745766e+00
1.222000e+02	2.643575e+00	5.767306e+00
1.269000e+02	2.152676e+00	5.621714e+00
1.316000e+02	1.825430e+00	5.494446e+00
1.363000e+02	1.824322e+00	5.497287e+00
1.410000e+02	2.316405e+00	5.650262e+00
1.457000e+02	2.971499e+00	5.905944e+00
1.504000e+02	2.313209e+00	5.651415e+00
1.551000e+02	2.969954e+00	5.889575e+00
1.598000e+02	1.001205e+00	5.187376e+00
1.645000e+02	2.151296e+00	5.580682e+00
1.692000e+02	1.169638e+00	5.241954e+00
1.739000e+02	8.389609e-01	5.126660e+00
1.786000e+02	2.314819e+00	5.682225e+00
1.833000e+02	1.001566e+00	5.186467e+00
1.880000e+02	1.166897e+00	5.252261e+00
1.927000e+02	3.485568e-01	4.943777e+00
1.974000e+02	6.782937e-01	5.059615e+00
2.021000e+02	1.856449e-01	4.879571e+00
2.068000e+02	6.765439e-01	5.029787e+00
2.115000e+02	8.389267e-01	5.122914e+00
2.162000e+02	8.398608e-01	5.122332e+00
2.209000e+02	3.494388e-01	4.939792e+00
2.256000e+02	6.754932e-01	5.060502e+00
2.303000e+02	1.332275e+00	5.308364e+00
2.350000e+02	2.316367e+00	5.679093e+00
2.397000e+02	1.333563e+00	5.305471e+00
2.444000e+02	-3.072564e-01	4.690283e+00
2.491000e+02	1.847413e-01	4.876389e+00
2.538000e+02	8.418080e-01	5.125532e+00
2.585000e+02	2.028858e-02	4.815558e+00
2.632000e+02	-1.428594e-01	4.752067e+00
2.679000e+02	-1.430061e-01	4.753229e+00
2.726000e+02	5.115962e-01	4.969239e+00
2.773000e+02	-1.428836e-01	4.755424e+00
2.820000e+02	6.777559e-01	5.063964e+00
2.867000e+02	5.117626e-01	5.000962e+00
2.914000e+02	1.833981e-01	4.878385e+00
2.961000e+02	-3.088148e-01	4.694127e+00
3.008000e+02	-4.723664e-01	4.631020e+00
3.055000e+02	1.844358e-01	4.875195e+00
3.102000e+02	5.130079e-01	5.004017e+00
3.149000e+02	1.838412e-01	4.878433e+00
3.196000e+02	6.758852e-01	5.061549e+00
3.243000e+02	1.167810e+00	5.246721e+00
3.290000e+02	5.104697e-01	4.997461e+00
3.337000e+02	6.761830e-01	5.060022e+00
3.384000e+02	8.389046e-01	5.120226e+00
3.431000e+02	1.332051e+00	5.269293e+00
3.478000e+02	8.391581e-01	5.118303e+00
3.525000e+02	1.659452e+00	5.427408e+00
3.572000e+02	1.002055e+00	5.182159e+00
3.619000e+02	2.154325e+00	5.617646e+00
3.666000e+02	5.127177e-01	5.001979e+00
3.713000e+02	2.021592e-02	4.817021e+00
3.760000e+02	-4.729785e-01	4.629830e+00
3.807000e+02	-6.365302e-01	4.566724e+00
