# $E$ (mev)	Int (arb. units)	Err. bars (arb. units)
-1.856500e+02	-2.407097e+00	5.527052e+00
-1.809500e+02	-2.314002e+00	5.469422e+00
-1.762500e+02	-3.007834e-01	5.617507e+00
-1.715500e+02	9.521700e-02	5.711481e+00
-1.668500e+02	6.344184e+00	6.068578e+00
-1.621500e+02	3.806615e+00	6.046712e+00
-1.574500e+02	9.161827e+00	6.419710e+00
-1.527500e+02	8.616821e+00	6.448279e+00
-1.480500e+02	9.094489e+00	6.590055e+00
-1.433500e+02	1.053409e+01	6.747248e+00
-1.386500e+02	1.293777e+01	6.776132e+00
-1.339500e+02	1.388135e+01	6.882605e+00
-1.292500e+02	1.243039e+01	6.931045e+00
-1.245500e+02	1.098782e+01	6.763912e+00
-1.198500e+02	1.099412e+01	6.766241e+00
-1.151500e+02	1.438745e+01	6.944527e+00
-1.104500e+02	1.442672e+01	6.944173e+00
-1.057500e+02	1.298237e+01	6.853368e+00
-1.010500e+02	1.343865e+01	6.894980e+00
-9.635000e+01	1.342880e+01	6.837015e+00
-9.165000e+01	1.388696e+01	6.929027e+00
-8.695000e+01	1.890033e+01	7.070846e+00
-8.225000e+01	1.202207e+01	6.714397e+00
-7.755000e+01	1.109008e+01	6.598425e+00
-7.285000e+01	1.591131e+01	6.842365e+00
-6.815000e+01	1.359619e+01	6.707257e+00
-6.345000e+01	1.549318e+01	6.667111e+00
-5.875000e+01	2.012543e+01	6.913491e+00
-5.405000e+01	2.096064e+01	6.914041e+00
-4.935000e+01	1.555800e+01	6.552592e+00
-4.465000e+01	3.308476e+01	7.323363e+00
-3.995000e+01	3.411086e+01	7.306021e+00
-3.525000e+01	4.919678e+01	8.032289e+00
-3.055000e+01	7.143043e+01	9.130565e+00
-2.585000e+01	8.491873e+01	9.879151e+00
-2.115000e+01	1.167271e+02	1.139113e+01
-1.645000e+01	1.671624e+02	1.396796e+01
-1.175000e+01	1.993664e+02	1.525042e+01
-7.050000e+00	2.295487e+02	1.671065e+01
-2.350000e+00	2.389869e+02	1.704911e+01
2.350000e+00	2.414267e+02	1.736375e+01
7.050000e+00	2.672937e+02	1.850194e+01
1.175000e+01	2.445005e+02	1.739699e+01
1.645000e+01	2.406702e+02	1.717620e+01
2.115000e+01	2.141722e+02	1.586038e+01
2.585000e+01	2.025953e+02	1.537256e+01
3.055000e+01	1.577409e+02	1.333145e+01
3.525000e+01	1.436197e+02	1.261108e+01
3.995000e+01	1.258675e+02	1.183546e+01
4.465000e+01	1.181205e+02	1.125676e+01
4.935000e+01	9.607821e+01	1.028370e+01
5.405000e+01	8.232314e+01	9.562988e+00
5.875000e+01	5.299776e+01	8.321613e+00
6.345000e+01	4.279458e+01	7.751352e+00
6.815000e+01	4.378288e+01	7.783531e+00
7.285000e+01	3.008330e+01	7.102807e+00
7.755000e+01	3.491363e+01	7.361223e+00
8.225000e+01	2.064426e+01	6.652264e+00
8.695000e+01	2.461059e+01	6.810760e+00
9.165000e+01	2.252850e+01	6.738892e+00
9.635000e+01	1.179643e+01	6.193160e+00
1.010500e+02	2.102610e+01	6.641544e+00
1.057500e+02	1.471766e+01	6.327534e+00
1.104500e+02	1.522497e+01	6.307353e+00
1.151500e+02	1.072314e+01	6.123634e+00
1.198500e+02	9.333555e+00	6.077660e+00
1.245500e+02	1.076632e+01	6.136825e+00
1.292500e+02	7.854689e+00	5.990730e+00
1.339500e+02	8.355875e+00	6.061010e+00
1.386500e+02	1.169239e+01	6.222225e+00
1.433500e+02	5.996212e+00	5.915564e+00
1.480500e+02	1.179444e+01	6.163339e+00
1.527500e+02	7.040797e+00	5.919954e+00
1.574500e+02	1.574127e+00	5.703191e+00
1.621500e+02	3.551483e+00	5.801437e+00
1.668500e+02	7.094474e-02	5.569211e+00
1.715500e+02	6.756403e+00	5.919056e+00
1.762500e+02	3.078353e+00	5.739319e+00
1.809500e+02	3.984217e+00	5.774061e+00
1.856500e+02	2.783527e+00	5.698831e+00
1.903500e+02	2.038000e+00	5.665128e+00
1.950500e+02	4.908390e+00	5.844480e+00
1.997500e+02	6.397990e+00	5.913848e+00
2.044500e+02	4.888576e+00	5.825410e+00
2.091500e+02	6.012855e+00	5.886998e+00
2.138500e+02	3.898787e+00	5.819806e+00
2.185500e+02	2.967298e+00	5.750426e+00
2.232500e+02	4.498925e+00	5.822222e+00
2.279500e+02	2.187839e+00	5.685177e+00
2.326500e+02	8.278040e-02	5.604938e+00
2.373500e+02	7.047943e+00	5.908817e+00
2.420500e+02	3.082238e+00	5.766136e+00
2.467500e+02	5.410353e+00	5.835756e+00
2.514500e+02	2.606304e+00	5.709261e+00
2.561500e+02	4.069067e+00	5.763693e+00
2.608500e+02	6.426010e+00	5.899526e+00
2.655500e+02	8.008664e+00	5.977718e+00
2.702500e+02	6.461541e+00	5.961493e+00
2.749500e+02	7.045003e+00	5.965037e+00
2.796500e+02	6.474693e+00	5.907777e+00
2.843500e+02	6.635644e+00	5.900240e+00
2.890500e+02	1.183598e+01	6.162302e+00
2.937500e+02	1.291267e+01	6.153093e+00
2.984500e+02	6.528606e+00	5.909422e+00
3.031500e+02	7.371190e+00	5.968507e+00
3.078500e+02	6.542361e+00	5.931119e+00
3.125500e+02	6.909228e+00	5.946429e+00
3.172500e+02	5.511377e-01	5.611565e+00
3.219500e+02	2.523240e+00	5.705202e+00
3.266500e+02	5.516159e+00	5.872510e+00
3.313500e+02	8.450023e+00	6.011896e+00
3.360500e+02	7.866658e+00	6.017370e+00
3.407500e+02	3.521620e+00	5.766179e+00
3.454500e+02	8.325793e+00	6.017538e+00
3.501500e+02	4.553967e+00	5.826212e+00
3.548500e+02	6.375795e+00	5.915012e+00
3.595500e+02	4.520766e+00	5.838943e+00
3.642500e+02	1.204182e+01	6.220027e+00
3.689500e+02	8.418484e+00	6.008376e+00
3.736500e+02	8.417341e+00	5.989879e+00
3.783500e+02	6.975480e+00	5.930899e+00
3.830500e+02	1.672516e+01	6.431253e+00
3.877500e+02	1.370993e+01	6.336895e+00
3.924500e+02	1.345181e+01	6.243460e+00
3.971500e+02	8.058749e+00	5.965287e+00
4.018500e+02	1.384333e+01	6.261456e+00
4.065500e+02	1.070458e+01	6.163639e+00
4.112500e+02	1.477255e+01	6.324676e+00
4.159500e+02	2.041911e+01	6.673330e+00
4.206500e+02	1.564256e+01	6.416107e+00
4.253500e+02	1.766258e+01	6.509700e+00
4.300500e+02	1.170381e+01	6.227499e+00
4.347500e+02	1.786339e+01	6.485355e+00
4.394500e+02	1.770680e+01	6.473009e+00
4.441500e+02	1.891904e+01	6.530353e+00
4.488500e+02	1.598241e+01	6.377896e+00
4.535500e+02	1.546803e+01	6.354322e+00
4.582500e+02	1.934650e+01	6.526948e+00
4.629500e+02	1.187208e+01	6.185129e+00
4.676500e+02	1.572693e+01	6.344436e+00
4.723500e+02	1.957175e+01	6.588359e+00
4.770500e+02	1.955799e+01	6.591988e+00
4.817500e+02	1.128471e+01	6.184776e+00
4.864500e+02	1.532904e+01	6.338049e+00
4.911500e+02	1.755790e+01	6.496070e+00
