# $E$ (mev)	Int (arb. units)	Err. bars (arb. units)
-2.914000e+02	3.994783e-01	4.839590e+00
-2.867000e+02	6.801466e-02	4.715270e+00
-2.820000e+02	3.966111e-01	4.838107e+00
-2.773000e+02	6.694755e-02	4.716781e+00
-2.726000e+02	-1.000615e-01	4.653833e+00
-2.679000e+02	7.360367e-01	4.963721e+00
-2.632000e+02	1.073151e+00	5.086176e+00
-2.585000e+02	7.413320e-01	4.961447e+00
-2.538000e+02	1.742051e+00	5.334565e+00
-2.491000e+02	4.028442e-01	4.839029e+00
-2.444000e+02	2.334688e-01	4.778017e+00
-2.397000e+02	4.046313e-01	4.837811e+00
-2.350000e+02	1.901645e+00	5.398388e+00
-2.303000e+02	7.332901e-01	4.964149e+00
-2.256000e+02	-4.336675e-01	4.529756e+00
-2.209000e+02	-4.332569e-01	4.530236e+00
-2.162000e+02	-1.019164e-01	4.655632e+00
-2.115000e+02	-4.350204e-01	4.529292e+00
-2.068000e+02	-2.678041e-01	4.592609e+00
-2.021000e+02	-1.010922e-01	4.653915e+00
-1.974000e+02	-4.321532e-01	4.530498e+00
-1.927000e+02	3.995685e-01	4.839312e+00
-1.880000e+02	6.911358e-02	4.714459e+00
-1.833000e+02	-4.308890e-01	4.530018e+00
-1.786000e+02	-9.763253e-02	4.654998e+00
-1.739000e+02	2.357210e-01	4.775263e+00
-1.692000e+02	7.343034e-01	4.962525e+00
-1.645000e+02	6.297617e-02	4.716682e+00
-1.598000e+02	5.639674e-01	4.905549e+00
-1.551000e+02	5.691818e-01	4.904520e+00
-1.504000e+02	3.955498e-01	4.841930e+00
-1.457000e+02	3.987367e-01	4.841551e+00
-1.410000e+02	7.346162e-01	4.964416e+00
-1.363000e+02	1.224533e+00	5.149770e+00
-1.316000e+02	2.357474e-01	4.779088e+00
-1.269000e+02	-4.319063e-01	4.530086e+00
-1.222000e+02	2.333505e-01	4.775905e+00
-1.175000e+02	9.002327e-01	5.024394e+00
-1.128000e+02	2.351333e-01	4.777165e+00
-1.081000e+02	7.406683e-01	4.963278e+00
-1.034000e+02	7.304643e-01	4.963968e+00
-9.870000e+01	-9.614624e-02	4.653634e+00
-9.400000e+01	-5.991219e-01	4.467524e+00
-8.930000e+01	4.047561e-01	4.840018e+00
-8.460000e+01	7.370224e-01	4.961183e+00
-7.990000e+01	1.071792e+00	5.088327e+00
-7.520000e+01	4.054799e-01	4.841559e+00
-7.050000e+01	2.361402e-01	4.777334e+00
-6.580000e+01	7.023044e-02	4.715728e+00
-6.110000e+01	4.053447e-01	4.841276e+00
-5.640000e+01	1.235673e+00	5.114468e+00
-5.170000e+01	2.311705e-01	4.778010e+00
-4.700000e+01	1.068181e+00	5.086753e+00
-4.230000e+01	1.406745e+00	5.213985e+00
-3.760000e+01	1.237002e+00	5.149396e+00
-3.290000e+01	5.232750e+00	6.635662e+00
-2.820000e+01	8.071931e+00	7.652502e+00
-2.350000e+01	1.324938e+01	9.539313e+00
-1.880000e+01	2.558172e+01	1.356628e+01
-1.410000e+01	3.860027e+01	1.796793e+01
-9.400000e+00	4.761526e+01	2.054302e+01
-4.700000e+00	6.278968e+01	2.505272e+01
0.000000e+00	7.582098e+01	2.904958e+01
4.700000e+00	7.528214e+01	2.843893e+01
9.400000e+00	7.181231e+01	2.816613e+01
1.410000e+01	6.648304e+01	2.619071e+01
1.880000e+01	6.647508e+01	2.703912e+01
2.350000e+01	6.027692e+01	2.486361e+01
2.820000e+01	4.994402e+01	2.175232e+01
3.290000e+01	4.491732e+01	1.985121e+01
3.760000e+01	3.624356e+01	1.712073e+01
4.230000e+01	2.809433e+01	1.464122e+01
4.700000e+01	2.357009e+01	1.317393e+01
5.170000e+01	1.789637e+01	1.106489e+01
5.640000e+01	1.509586e+01	9.936209e+00
6.110000e+01	1.009219e+01	8.322300e+00
6.580000e+01	9.912363e+00	8.261012e+00
7.050000e+01	7.076808e+00	7.216202e+00
7.520000e+01	6.236059e+00	6.940652e+00
7.990000e+01	6.916578e+00	7.148615e+00
8.460000e+01	3.245190e+00	5.860171e+00
8.930000e+01	4.574395e+00	6.385753e+00
9.400000e+01	5.572243e+00	6.723753e+00
9.870000e+01	4.912202e+00	6.515278e+00
1.034000e+02	3.910653e+00	6.106967e+00
1.081000e+02	2.747438e+00	5.704540e+00
1.128000e+02	3.902750e+00	6.139203e+00
1.175000e+02	4.557840e+00	6.385918e+00
1.222000e+02	2.408196e+00	5.579039e+00
1.269000e+02	3.743092e+00	6.039442e+00
1.316000e+02	2.068933e+00	5.460983e+00
1.363000e+02	2.734469e+00	5.674368e+00
1.410000e+02	1.401007e+00	5.210395e+00
1.457000e+02	1.562953e+00	5.275750e+00
1.504000e+02	1.063529e+00	5.086863e+00
1.551000e+02	1.746363e+00	5.301273e+00
1.598000e+02	1.736072e+00	5.333354e+00
1.645000e+02	2.064185e+00	5.453743e+00
1.692000e+02	1.076221e+00	5.085787e+00
1.739000e+02	2.565960e+00	5.642740e+00
1.786000e+02	1.568576e+00	5.270545e+00
1.833000e+02	1.068211e+00	5.052436e+00
1.880000e+02	2.238098e+00	5.487544e+00
1.927000e+02	1.567183e+00	5.275230e+00
1.974000e+02	1.733853e+00	5.333026e+00
2.021000e+02	5.713049e-01	4.903379e+00
2.068000e+02	9.128642e-01	5.024915e+00
2.115000e+02	4.091515e-01	4.838585e+00
2.162000e+02	3.976346e-01	4.841492e+00
2.209000e+02	-2.599012e-01	4.591237e+00
2.256000e+02	1.573885e+00	5.272315e+00
2.303000e+02	7.337578e-01	4.963967e+00
2.350000e+02	7.376519e-01	4.962583e+00
2.397000e+02	1.233634e+00	5.146801e+00
2.444000e+02	2.429046e-01	4.775127e+00
2.491000e+02	2.401671e-01	4.777962e+00
2.538000e+02	2.389169e-01	4.778580e+00
2.585000e+02	4.012259e-01	4.806913e+00
2.632000e+02	-5.991219e-01	4.467524e+00
2.679000e+02	2.364896e-01	4.776589e+00
2.726000e+02	-2.631264e-01	4.591779e+00
2.773000e+02	-2.671625e-01	4.592356e+00
2.820000e+02	-4.326934e-01	4.529596e+00
2.867000e+02	-6.010485e-01	4.467420e+00
2.914000e+02	-2.672551e-01	4.590863e+00
2.961000e+02	-4.314815e-01	4.529603e+00
3.008000e+02	-4.323496e-01	4.530090e+00
3.055000e+02	3.976697e-01	4.840573e+00
3.102000e+02	-1.032394e-01	4.654061e+00
3.149000e+02	5.611093e-01	4.902488e+00
3.196000e+02	5.655430e-01	4.901499e+00
3.243000e+02	-2.651807e-01	4.591673e+00
3.290000e+02	8.937323e-01	4.992573e+00
3.337000e+02	8.988956e-01	5.026729e+00
3.384000e+02	-1.007974e-01	4.653578e+00
3.431000e+02	4.025686e-01	4.839649e+00
3.478000e+02	-2.650195e-01	4.591491e+00
3.525000e+02	-2.678596e-01	4.591733e+00
3.572000e+02	-4.332673e-01	4.529154e+00
3.619000e+02	-2.672377e-01	4.590884e+00
3.666000e+02	2.349685e-01	4.776682e+00
3.713000e+02	-2.642177e-01	4.591493e+00
3.760000e+02	-2.672465e-01	4.592444e+00
3.807000e+02	6.755971e-02	4.716390e+00
3.854000e+02	7.193480e-02	4.715799e+00
