# $E$ (mev)	Int (arb. units)	Err. bars (arb. units)
-2.679000e+02	2.563609e-02	2.858981e+00
-2.632000e+02	-8.366311e-01	2.810646e+00
-2.585000e+02	-1.338471e+00	2.782782e+00
-2.538000e+02	-1.323026e+00	2.782420e+00
-2.491000e+02	-9.332342e-01	2.804351e+00
-2.444000e+02	-1.029439e+00	2.798852e+00
-2.397000e+02	-1.226132e+00	2.787854e+00
-2.350000e+02	-1.786790e+00	2.754596e+00
-2.303000e+02	-1.027720e+00	2.798481e+00
-2.256000e+02	-2.362295e+00	2.721434e+00
-2.209000e+02	-1.401360e+00	2.776676e+00
-2.162000e+02	-7.401324e-02	2.854193e+00
-2.115000e+02	-6.865754e-02	2.854433e+00
-2.068000e+02	-1.008527e+00	2.800200e+00
-2.021000e+02	-1.112929e+00	2.794581e+00
-1.974000e+02	-1.606210e+00	2.766142e+00
-1.927000e+02	2.978475e-01	2.875497e+00
-1.880000e+02	-1.042269e+00	2.798388e+00
-1.833000e+02	4.844666e-01	2.884238e+00
-1.786000e+02	3.019538e-01	2.878218e+00
-1.739000e+02	-8.977604e-02	2.854370e+00
-1.692000e+02	-4.615625e-01	2.831547e+00
-1.645000e+02	-1.313554e+00	2.782436e+00
-1.598000e+02	-1.513804e+00	2.771165e+00
-1.551000e+02	-1.040127e+00	2.798086e+00
-1.504000e+02	-1.043186e+00	2.798397e+00
-1.457000e+02	-1.227505e+00	2.788551e+00
-1.410000e+02	-3.739384e-01	2.837036e+00
-1.363000e+02	-1.216589e+00	2.786980e+00
-1.316000e+02	-1.309432e+00	2.781497e+00
-1.269000e+02	-6.458221e-01	2.820952e+00
-1.222000e+02	-8.257092e-01	2.810593e+00
-1.175000e+02	9.542341e-01	2.914703e+00
-1.128000e+02	-1.035216e+00	2.798202e+00
-1.081000e+02	-1.321495e+00	2.782393e+00
-1.034000e+02	-1.035333e+00	2.798882e+00
-9.870000e+01	-1.031066e+00	2.798508e+00
-9.400000e+01	-2.703864e-01	2.842460e+00
-8.930000e+01	5.741682e-01	2.889417e+00
-8.460000e+01	-4.545152e-01	2.829304e+00
-7.990000e+01	-1.210993e+00	2.788276e+00
-7.520000e+01	-1.603670e+00	2.765826e+00
-7.050000e+01	-1.506461e+00	2.771583e+00
-6.580000e+01	-1.408890e+00	2.777029e+00
-6.110000e+01	-5.511140e-01	2.827011e+00
-5.640000e+01	-1.806961e-01	2.848402e+00
-5.170000e+01	-7.411115e-01	2.814919e+00
-4.700000e+01	2.964597e-01	2.872474e+00
-4.230000e+01	-3.647183e-01	2.835878e+00
-3.760000e+01	-2.628806e-01	2.842203e+00
-3.290000e+01	2.217028e+00	2.986184e+00
-2.820000e+01	4.096565e+00	3.092703e+00
-2.350000e+01	6.100185e+00	3.212450e+00
-1.880000e+01	1.101740e+01	3.497885e+00
-1.410000e+01	1.801662e+01	3.895747e+00
-9.400000e+00	2.654926e+01	4.393257e+00
-4.700000e+00	3.751118e+01	5.006049e+00
0.000000e+00	3.932547e+01	5.105741e+00
4.700000e+00	4.249771e+01	5.289465e+00
9.400000e+00	4.148393e+01	5.207810e+00
1.410000e+01	3.874024e+01	5.079796e+00
1.880000e+01	3.395385e+01	4.793604e+00
2.350000e+01	3.350203e+01	4.759850e+00
2.820000e+01	2.677305e+01	4.382881e+00
3.290000e+01	2.537637e+01	4.316687e+00
3.760000e+01	1.821325e+01	3.907814e+00
4.230000e+01	1.777689e+01	3.877843e+00
4.700000e+01	1.120397e+01	3.505395e+00
5.170000e+01	8.712251e+00	3.355193e+00
5.640000e+01	8.138196e+00	3.329398e+00
6.110000e+01	8.268070e+00	3.338189e+00
6.580000e+01	3.041948e+00	3.035336e+00
7.050000e+01	2.374530e+00	2.993351e+00
7.520000e+01	1.533237e+00	2.944879e+00
7.990000e+01	2.183508e+00	2.984812e+00
8.460000e+01	2.463083e+00	3.001795e+00
8.930000e+01	2.667212e+00	3.014345e+00
9.400000e+01	1.043043e+00	2.917762e+00
9.870000e+01	5.512316e-01	2.894436e+00
1.034000e+02	-1.794584e-04	2.860802e+00
1.081000e+02	1.611141e+00	2.950444e+00
1.128000e+02	8.856695e-02	2.863946e+00
1.175000e+02	1.485378e+00	2.948651e+00
1.222000e+02	7.493295e-01	2.903360e+00
1.269000e+02	4.810156e-01	2.886283e+00
1.316000e+02	-1.039325e+00	2.798662e+00
1.363000e+02	-3.819255e-01	2.836197e+00
1.410000e+02	-8.500234e-01	2.809211e+00
1.457000e+02	-5.630814e-01	2.826017e+00
1.504000e+02	2.947628e-01	2.876165e+00
1.551000e+02	1.786740e+00	2.964529e+00
1.598000e+02	6.769391e-01	2.898531e+00
1.645000e+02	2.982474e-01	2.875997e+00
1.692000e+02	-5.568231e-01	2.827473e+00
1.739000e+02	-2.703999e-01	2.843111e+00
1.786000e+02	6.986183e-01	2.898176e+00
1.833000e+02	1.528524e+00	2.946480e+00
1.880000e+02	-1.411327e+00	2.776609e+00
1.927000e+02	-1.112846e+00	2.793466e+00
1.974000e+02	-4.589237e-01	2.831235e+00
2.021000e+02	2.996971e-01	2.872674e+00
2.068000e+02	-9.310204e-01	2.803203e+00
2.115000e+02	3.256944e+00	3.035438e+00
2.162000e+02	-9.323968e-04	2.858607e+00
2.209000e+02	1.712116e-02	2.859371e+00
2.256000e+02	-5.521825e-01	2.825423e+00
2.303000e+02	3.780350e-01	2.880223e+00
2.350000e+02	4.517850e-03	2.858300e+00
2.397000e+02	2.070930e-01	2.870121e+00
2.444000e+02	-3.645605e-01	2.837282e+00
2.491000e+02	-1.035035e+00	2.797792e+00
2.538000e+02	1.419862e+00	2.937066e+00
2.585000e+02	-5.584106e-01	2.824752e+00
2.632000e+02	1.914497e-01	2.869136e+00
2.679000e+02	-5.596780e-01	2.824902e+00
2.726000e+02	-1.494976e+00	2.770429e+00
2.773000e+02	-5.546635e-01	2.825297e+00
2.820000e+02	-2.858076e-01	2.842018e+00
2.867000e+02	-1.794799e-01	2.847847e+00
2.914000e+02	-5.621027e-01	2.825775e+00
2.961000e+02	-9.263832e-01	2.804159e+00
3.008000e+02	-4.604686e-01	2.831858e+00
3.055000e+02	-5.655197e-01	2.825677e+00
3.102000e+02	-5.641044e-01	2.825122e+00
3.149000e+02	4.540054e-01	2.888016e+00
3.196000e+02	4.748388e-01	2.883006e+00
3.243000e+02	-1.934573e-01	2.847959e+00
3.290000e+02	-9.504401e-02	2.850478e+00
3.337000e+02	9.510399e-01	2.907235e+00
3.384000e+02	6.589137e-01	2.898772e+00
3.431000e+02	6.532284e-01	2.898419e+00
3.478000e+02	1.072099e-01	2.864931e+00
3.525000e+02	-2.554894e-01	2.842423e+00
3.572000e+02	-4.416457e-01	2.831773e+00
3.619000e+02	-7.206841e-01	2.816248e+00
3.666000e+02	-1.118121e+00	2.792788e+00
3.713000e+02	-1.717964e-01	2.847458e+00
3.760000e+02	-8.294887e-01	2.809118e+00
3.807000e+02	-6.540277e-01	2.820276e+00
3.854000e+02	-2.637592e+00	2.705321e+00
3.901000e+02	-2.566340e-01	2.840221e+00
3.948000e+02	-1.429597e+00	2.777383e+00
3.995000e+02	-9.441769e-01	2.804327e+00
4.042000e+02	-1.592501e+00	2.765594e+00
4.089000e+02	-1.690401e+00	2.759938e+00
