# $E$ (ev)	Int (arb. units)
4.000000e-01	2.036875e+00
3.896607e-01	1.941113e+00
3.793215e-01	1.851360e+00
3.689822e-01	1.847178e+00
3.586430e-01	1.842995e+00
3.483037e-01	1.889014e+00
3.379645e-01	1.962346e+00
3.276252e-01	1.982907e+00
3.172859e-01	1.826487e+00
3.069467e-01	1.670068e+00
2.966074e-01	1.775957e+00
2.862682e-01	1.942689e+00
2.759289e-01	1.938196e+00
2.655897e-01	1.670069e+00
2.552504e-01	1.401941e+00
2.449111e-01	1.641762e+00
2.345719e-01	1.894189e+00
2.242326e-01	1.901881e+00
2.138934e-01	1.715568e+00
2.035541e-01	1.568695e+00
1.932149e-01	1.664414e+00
1.828756e-01	1.760132e+00
1.725363e-01	1.720985e+00
1.621971e-01	1.629878e+00
1.518578e-01	1.598907e+00
1.415186e-01	1.705680e+00
1.311793e-01	1.812454e+00
1.208401e-01	1.800620e+00
1.105008e-01	1.773517e+00
1.001616e-01	1.759139e+00
8.982229e-02	1.759230e+00
7.948304e-02	1.773236e+00
6.914378e-02	2.051641e+00
5.880452e-02	2.330047e+00
4.846527e-02	2.673882e+00
3.812601e-02	3.055812e+00
2.778675e-02	3.897477e+00
1.744750e-02	6.427081e+00
7.108239e-03	8.956685e+00
-3.231018e-03	9.789373e+00
-1.357027e-02	1.018742e+01
-2.390953e-02	9.613889e+00
-3.424879e-02	7.442460e+00
-4.458805e-02	5.271031e+00
-5.492730e-02	4.684446e+00
-6.526656e-02	4.163627e+00
-7.560582e-02	3.828544e+00
-8.594507e-02	3.650294e+00
-9.628433e-02	3.440309e+00
-1.066236e-01	3.006585e+00
-1.169628e-01	2.572861e+00
-1.273021e-01	2.547139e+00
-1.376414e-01	2.691117e+00
-1.479806e-01	2.728287e+00
-1.583199e-01	2.501765e+00
-1.686591e-01	2.275243e+00
-1.789984e-01	2.396971e+00
-1.893376e-01	2.570593e+00
-1.996769e-01	2.585740e+00
-2.100162e-01	2.409019e+00
-2.203554e-01	2.239744e+00
-2.306947e-01	2.279605e+00
-2.410339e-01	2.319466e+00
-2.513732e-01	2.477266e+00
-2.617124e-01	2.708461e+00
-2.720517e-01	2.858920e+00
-2.823910e-01	2.683259e+00
-2.927302e-01	2.507599e+00
-3.030695e-01	2.359015e+00
-3.134087e-01	2.218047e+00
-3.237480e-01	2.151386e+00
-3.340872e-01	2.215403e+00
-3.444265e-01	2.279419e+00
-3.547658e-01	2.480070e+00
-3.651050e-01	2.688745e+00
-3.754443e-01	2.640370e+00
-3.857835e-01	2.360879e+00
-3.961228e-01	2.137203e+00
-4.064620e-01	2.371697e+00
-4.168013e-01	2.606191e+00
-4.271405e-01	2.649587e+00
-4.374798e-01	2.607378e+00
-4.478191e-01	2.559244e+00
-4.581583e-01	2.495304e+00
-4.684976e-01	2.431363e+00
-4.788368e-01	2.367423e+00
-4.891761e-01	2.303483e+00
-4.995153e-01	2.294010e+00
-5.098546e-01	2.354789e+00
-5.201939e-01	2.415568e+00
-5.305331e-01	2.476348e+00
-5.408724e-01	2.537127e+00
-5.512116e-01	2.605900e+00
-5.615509e-01	2.679985e+00
-5.718901e-01	2.754070e+00
-5.822294e-01	2.828155e+00
-5.925687e-01	2.902241e+00
-6.029079e-01	2.952342e+00
-6.132472e-01	2.995069e+00
-6.235864e-01	3.037797e+00
-6.339257e-01	3.080524e+00
-6.442649e-01	3.123252e+00
-6.546042e-01	3.173722e+00
-6.649435e-01	3.224785e+00
-6.752827e-01	3.275848e+00
-6.856220e-01	3.326911e+00
-6.959612e-01	3.377490e+00
-7.063005e-01	3.423349e+00
-7.166397e-01	3.469207e+00
-7.269790e-01	3.515066e+00
-7.373183e-01	3.560925e+00
-7.476575e-01	3.585325e+00
-7.579968e-01	3.547697e+00
-7.683360e-01	3.510070e+00
-7.786753e-01	3.472443e+00
-7.890145e-01	3.434816e+00
-7.993538e-01	3.414621e+00
-8.096931e-01	3.418392e+00
-8.200323e-01	3.422164e+00
-8.303716e-01	3.425935e+00
-8.407108e-01	3.429706e+00
-8.510501e-01	3.383404e+00
-8.613893e-01	3.301604e+00
-8.717286e-01	3.219804e+00
-8.820679e-01	3.138004e+00
-8.924071e-01	3.056204e+00
-9.027464e-01	3.080514e+00
-9.130856e-01	3.140343e+00
-9.234249e-01	3.200172e+00
-9.337641e-01	3.260001e+00
-9.441034e-01	3.319830e+00
-9.544426e-01	3.341432e+00
-9.647819e-01	3.359405e+00
-9.751212e-01	3.377378e+00
-9.854604e-01	3.395351e+00
-9.957997e-01	3.404539e+00
-1.006139e+00	3.308929e+00
-1.016478e+00	3.213319e+00
-1.026817e+00	3.117709e+00
-1.037157e+00	3.022099e+00
-1.047496e+00	2.967875e+00
-1.057835e+00	3.043700e+00
-1.068174e+00	3.119526e+00
-1.078514e+00	3.195352e+00
-1.088853e+00	3.271177e+00
-1.099192e+00	3.283975e+00
-1.109532e+00	3.204354e+00
-1.119871e+00	3.124734e+00
-1.130210e+00	3.045113e+00
-1.140549e+00	2.965493e+00
-1.150889e+00	2.878990e+00
-1.161228e+00	2.787286e+00
-1.171567e+00	2.695581e+00
-1.181906e+00	2.603876e+00
-1.192246e+00	2.512171e+00
-1.202585e+00	2.549187e+00
-1.212924e+00	2.632948e+00
-1.223263e+00	2.716709e+00
-1.233603e+00	2.800470e+00
-1.243942e+00	2.884230e+00
-1.254281e+00	2.914250e+00
-1.264620e+00	2.938142e+00
-1.274960e+00	2.962034e+00
-1.285299e+00	2.985927e+00
-1.295638e+00	3.007367e+00
-1.305977e+00	2.991538e+00
-1.316317e+00	2.975708e+00
-1.326656e+00	2.959879e+00
-1.336995e+00	2.944049e+00
-1.347334e+00	2.909756e+00
-1.357674e+00	2.812149e+00
-1.368013e+00	2.714541e+00
-1.378352e+00	2.616934e+00
-1.388691e+00	2.519327e+00
-1.399031e+00	2.465991e+00
-1.409370e+00	2.481947e+00
-1.419709e+00	2.497903e+00
-1.430048e+00	2.513858e+00
-1.440388e+00	2.529814e+00
-1.450727e+00	2.559051e+00
-1.461066e+00	2.598986e+00
-1.471405e+00	2.638920e+00
-1.481745e+00	2.678854e+00
-1.492084e+00	2.718789e+00
-1.502423e+00	2.728622e+00
-1.512763e+00	2.726631e+00
-1.523102e+00	2.724641e+00
-1.533441e+00	2.722650e+00
-1.543780e+00	2.720659e+00
-1.554120e+00	2.771657e+00
-1.564459e+00	2.829742e+00
-1.574798e+00	2.887827e+00
-1.585137e+00	2.945913e+00
-1.595477e+00	2.999954e+00
-1.605816e+00	2.970322e+00
-1.616155e+00	2.940690e+00
-1.626494e+00	2.911058e+00
-1.636834e+00	2.881426e+00
-1.647173e+00	2.845195e+00
-1.657512e+00	2.784162e+00
-1.667851e+00	2.723129e+00
-1.678191e+00	2.662096e+00
-1.688530e+00	2.601063e+00
-1.698869e+00	2.555667e+00
-1.709208e+00	2.536421e+00
-1.719548e+00	2.517175e+00
-1.729887e+00	2.497928e+00
-1.740226e+00	2.478682e+00
-1.750565e+00	2.464228e+00
-1.760905e+00	2.453884e+00
-1.771244e+00	2.443540e+00
-1.781583e+00	2.433196e+00
-1.791922e+00	2.422852e+00
-1.802262e+00	2.409094e+00
-1.812601e+00	2.393888e+00
-1.822940e+00	2.378683e+00
-1.833279e+00	2.363478e+00
-1.843619e+00	2.348272e+00
-1.853958e+00	2.333067e+00
-1.864297e+00	2.317862e+00
-1.874637e+00	2.302656e+00
-1.884976e+00	2.287451e+00
-1.895315e+00	2.272973e+00
-1.905654e+00	2.281633e+00
-1.915994e+00	2.290293e+00
-1.926333e+00	2.298952e+00
-1.936672e+00	2.307612e+00
-1.947011e+00	2.316272e+00
-1.957351e+00	2.324932e+00
-1.967690e+00	2.333592e+00
-1.978029e+00	2.342252e+00
-1.988368e+00	2.350912e+00
-1.998708e+00	2.351805e+00
-2.009047e+00	2.338808e+00
-2.019386e+00	2.325811e+00
-2.029725e+00	2.312813e+00
-2.040065e+00	2.299816e+00
-2.050404e+00	2.286819e+00
-2.060743e+00	2.273821e+00
-2.071082e+00	2.260824e+00
-2.081422e+00	2.247827e+00
-2.091761e+00	2.234830e+00
-2.102100e+00	2.220573e+00
-2.112439e+00	2.205742e+00
-2.122779e+00	2.190911e+00
-2.133118e+00	2.176080e+00
-2.143457e+00	2.161249e+00
-2.153796e+00	2.146418e+00
-2.164136e+00	2.131586e+00
-2.174475e+00	2.116755e+00
-2.184814e+00	2.101924e+00
-2.195153e+00	2.088039e+00
-2.205493e+00	2.136920e+00
-2.215832e+00	2.185801e+00
-2.226171e+00	2.234682e+00
-2.236511e+00	2.283563e+00
-2.246850e+00	2.332444e+00
-2.257189e+00	2.381325e+00
-2.267528e+00	2.430206e+00
-2.277868e+00	2.479087e+00
-2.288207e+00	2.527968e+00
-2.298546e+00	2.568776e+00
-2.308885e+00	2.594120e+00
-2.319225e+00	2.619464e+00
-2.329564e+00	2.644808e+00
-2.339903e+00	2.670152e+00
-2.350242e+00	2.695496e+00
-2.360582e+00	2.720840e+00
-2.370921e+00	2.746185e+00
-2.381260e+00	2.771529e+00
-2.391599e+00	2.796873e+00
-2.401939e+00	2.835434e+00
-2.412278e+00	2.880474e+00
-2.422617e+00	2.925514e+00
-2.432956e+00	2.970554e+00
-2.443296e+00	3.015594e+00
-2.453635e+00	3.060634e+00
-2.463974e+00	3.105674e+00
-2.474313e+00	3.150714e+00
-2.484653e+00	3.195754e+00
-2.494992e+00	3.240794e+00
-2.505331e+00	3.207934e+00
-2.515670e+00	3.175012e+00
-2.526010e+00	3.142091e+00
-2.536349e+00	3.109169e+00
-2.546688e+00	3.076248e+00
-2.557027e+00	3.043326e+00
-2.567367e+00	3.010405e+00
-2.577706e+00	2.977483e+00
-2.588045e+00	2.944562e+00
-2.598384e+00	2.930768e+00
-2.608724e+00	2.956281e+00
-2.619063e+00	2.981793e+00
-2.629402e+00	3.007306e+00
-2.639742e+00	3.032819e+00
-2.650081e+00	3.058331e+00
-2.660420e+00	3.083844e+00
-2.670759e+00	3.109356e+00
-2.681099e+00	3.134869e+00
-2.691438e+00	3.160381e+00
-2.701777e+00	3.142381e+00
-2.712116e+00	3.101509e+00
-2.722456e+00	3.060637e+00
-2.732795e+00	3.019766e+00
-2.743134e+00	2.978894e+00
-2.753473e+00	2.938022e+00
-2.763813e+00	2.897150e+00
-2.774152e+00	2.856279e+00
-2.784491e+00	2.815407e+00
-2.794830e+00	2.774535e+00
-2.805170e+00	2.795733e+00
-2.815509e+00	2.817965e+00
-2.825848e+00	2.840198e+00
-2.836187e+00	2.862430e+00
-2.846527e+00	2.884663e+00
-2.856866e+00	2.906896e+00
-2.867205e+00	2.929128e+00
-2.877544e+00	2.951361e+00
-2.887884e+00	2.973593e+00
-2.898223e+00	2.997686e+00
-2.908562e+00	3.025887e+00
-2.918901e+00	3.054088e+00
-2.929241e+00	3.082289e+00
-2.939580e+00	3.110490e+00
-2.949919e+00	3.138691e+00
-2.960258e+00	3.166892e+00
-2.970598e+00	3.195093e+00
-2.980937e+00	3.223294e+00
-2.991276e+00	3.251495e+00
-3.001616e+00	3.250820e+00
-3.011955e+00	3.233893e+00
-3.022294e+00	3.216965e+00
-3.032633e+00	3.200037e+00
-3.042973e+00	3.183110e+00
-3.053312e+00	3.166182e+00
-3.063651e+00	3.149254e+00
-3.073990e+00	3.132327e+00
-3.084330e+00	3.115399e+00
-3.094669e+00	3.098472e+00
-3.105008e+00	3.116883e+00
-3.115347e+00	3.136465e+00
-3.125687e+00	3.156046e+00
-3.136026e+00	3.175627e+00
-3.146365e+00	3.195209e+00
-3.156704e+00	3.214790e+00
-3.167044e+00	3.234371e+00
-3.177383e+00	3.253952e+00
-3.187722e+00	3.273534e+00
-3.198061e+00	3.284295e+00
-3.208401e+00	3.274089e+00
-3.218740e+00	3.263883e+00
-3.229079e+00	3.253677e+00
-3.239418e+00	3.243470e+00
-3.249758e+00	3.233264e+00
-3.260097e+00	3.223058e+00
-3.270436e+00	3.212852e+00
-3.280775e+00	3.202646e+00
-3.291115e+00	3.192440e+00
-3.301454e+00	3.181572e+00
-3.311793e+00	3.170307e+00
-3.322132e+00	3.159042e+00
-3.332472e+00	3.147776e+00
-3.342811e+00	3.136511e+00
-3.353150e+00	3.125245e+00
-3.363489e+00	3.113980e+00
-3.373829e+00	3.102715e+00
-3.384168e+00	3.091449e+00
-3.394507e+00	3.080184e+00
-3.404847e+00	3.014846e+00
-3.415186e+00	2.946803e+00
-3.425525e+00	2.878759e+00
-3.435864e+00	2.810716e+00
-3.446204e+00	2.742672e+00
-3.456543e+00	2.674629e+00
-3.466882e+00	2.606585e+00
-3.477221e+00	2.538542e+00
-3.487561e+00	2.470499e+00
-3.497900e+00	2.399764e+00
-3.508239e+00	2.322127e+00
-3.518578e+00	2.244490e+00
-3.528918e+00	2.166852e+00
-3.539257e+00	2.089215e+00
-3.549596e+00	2.011578e+00
-3.559935e+00	1.933940e+00
-3.570275e+00	1.856303e+00
-3.580614e+00	1.778666e+00
-3.590953e+00	1.701028e+00
-3.601292e+00	1.682673e+00
-3.611632e+00	1.702443e+00
-3.621971e+00	1.722214e+00
-3.632310e+00	1.741985e+00
-3.642649e+00	1.761755e+00
-3.652989e+00	1.781526e+00
-3.663328e+00	1.801296e+00
-3.673667e+00	1.821067e+00
-3.684006e+00	1.840837e+00
-3.694346e+00	1.860608e+00
-3.704685e+00	1.809502e+00
-3.715024e+00	1.753608e+00
-3.725363e+00	1.697715e+00
-3.735703e+00	1.641821e+00
-3.746042e+00	1.585928e+00
-3.756381e+00	1.530034e+00
-3.766721e+00	1.474140e+00
-3.777060e+00	1.418247e+00
-3.787399e+00	1.362353e+00
-3.797738e+00	1.330031e+00
-3.808078e+00	1.363139e+00
-3.818417e+00	1.396247e+00
-3.828756e+00	1.429355e+00
-3.839095e+00	1.462463e+00
-3.849435e+00	1.495572e+00
-3.859774e+00	1.528680e+00
-3.870113e+00	1.561788e+00
-3.880452e+00	1.594896e+00
-3.890792e+00	1.628004e+00
-3.901131e+00	1.630309e+00
-3.911470e+00	1.611471e+00
-3.921809e+00	1.592632e+00
-3.932149e+00	1.573793e+00
-3.942488e+00	1.554955e+00
-3.952827e+00	1.536116e+00
-3.963166e+00	1.517277e+00
-3.973506e+00	1.498438e+00
-3.983845e+00	1.479600e+00
-3.994184e+00	1.460761e+00
-4.004523e+00	1.508988e+00
-4.014863e+00	1.562960e+00
-4.025202e+00	1.616931e+00
-4.035541e+00	1.670903e+00
-4.045880e+00	1.724875e+00
-4.056220e+00	1.778847e+00
-4.066559e+00	1.832819e+00
-4.076898e+00	1.886791e+00
-4.087237e+00	1.940763e+00
-4.097577e+00	1.967539e+00
-4.107916e+00	1.912388e+00
-4.118255e+00	1.857236e+00
-4.128595e+00	1.802085e+00
-4.138934e+00	1.746933e+00
-4.149273e+00	1.691782e+00
-4.159612e+00	1.636630e+00
-4.169952e+00	1.581478e+00
-4.180291e+00	1.526327e+00
-4.190630e+00	1.471175e+00
-4.200969e+00	1.439752e+00
-4.211309e+00	1.425700e+00
-4.221648e+00	1.411648e+00
-4.231987e+00	1.397596e+00
-4.242326e+00	1.383544e+00
-4.252666e+00	1.369492e+00
-4.263005e+00	1.355439e+00
-4.273344e+00	1.341387e+00
-4.283683e+00	1.327335e+00
-4.294023e+00	1.313283e+00
-4.304362e+00	1.327429e+00
-4.314701e+00	1.344520e+00
-4.325040e+00	1.361610e+00
-4.335380e+00	1.378701e+00
-4.345719e+00	1.395791e+00
-4.356058e+00	1.412882e+00
-4.366397e+00	1.429972e+00
-4.376737e+00	1.447063e+00
-4.387076e+00	1.464153e+00
-4.397415e+00	1.477773e+00
-4.407754e+00	1.480004e+00
-4.418094e+00	1.482234e+00
-4.428433e+00	1.484465e+00
-4.438772e+00	1.486696e+00
-4.449111e+00	1.488927e+00
-4.459451e+00	1.491158e+00
-4.469790e+00	1.493389e+00
-4.480129e+00	1.495620e+00
-4.490468e+00	1.497851e+00
-4.500808e+00	1.502827e+00
-4.511147e+00	1.509947e+00
-4.521486e+00	1.517066e+00
-4.531826e+00	1.524185e+00
-4.542165e+00	1.531304e+00
-4.552504e+00	1.538423e+00
-4.562843e+00	1.545542e+00
-4.573183e+00	1.552661e+00
-4.583522e+00	1.559781e+00
-4.593861e+00	1.566900e+00
-4.604200e+00	1.571077e+00
-4.614540e+00	1.574889e+00
-4.624879e+00	1.578702e+00
-4.635218e+00	1.582515e+00
-4.645557e+00	1.586328e+00
-4.655897e+00	1.590141e+00
-4.666236e+00	1.593953e+00
-4.676575e+00	1.597766e+00
-4.686914e+00	1.601579e+00
-4.697254e+00	1.602122e+00
-4.707593e+00	1.590933e+00
-4.717932e+00	1.579745e+00
-4.728271e+00	1.568556e+00
-4.738611e+00	1.557368e+00
-4.748950e+00	1.546179e+00
-4.759289e+00	1.534991e+00
-4.769628e+00	1.523802e+00
-4.779968e+00	1.512614e+00
-4.790307e+00	1.501425e+00
-4.800646e+00	1.514867e+00
-4.810985e+00	1.548782e+00
-4.821325e+00	1.582697e+00
-4.831664e+00	1.616612e+00
-4.842003e+00	1.650526e+00
-4.852342e+00	1.684441e+00
-4.862682e+00	1.718356e+00
-4.873021e+00	1.752270e+00
-4.883360e+00	1.786185e+00
-4.893700e+00	1.820100e+00
-4.904039e+00	1.791566e+00
-4.914378e+00	1.754048e+00
-4.924717e+00	1.716529e+00
-4.935057e+00	1.679011e+00
-4.945396e+00	1.641492e+00
-4.955735e+00	1.603974e+00
-4.966074e+00	1.566455e+00
-4.976414e+00	1.528936e+00
-4.986753e+00	1.491418e+00
-4.997092e+00	1.469094e+00
-5.007431e+00	1.506666e+00
-5.017771e+00	1.544239e+00
-5.028110e+00	1.581812e+00
-5.038449e+00	1.619385e+00
-5.048788e+00	1.656958e+00
-5.059128e+00	1.694530e+00
-5.069467e+00	1.732103e+00
-5.079806e+00	1.769676e+00
-5.090145e+00	1.807249e+00
-5.100485e+00	1.811138e+00
-5.110824e+00	1.785212e+00
-5.121163e+00	1.759287e+00
-5.131502e+00	1.733361e+00
-5.141842e+00	1.707436e+00
-5.152181e+00	1.681510e+00
-5.162520e+00	1.655585e+00
-5.172859e+00	1.629659e+00
-5.183199e+00	1.603734e+00
-5.193538e+00	1.577808e+00
-5.203877e+00	1.576403e+00
-5.214216e+00	1.579037e+00
-5.224556e+00	1.581670e+00
-5.234895e+00	1.584304e+00
-5.245234e+00	1.586937e+00
-5.255574e+00	1.589570e+00
-5.265913e+00	1.592204e+00
-5.276252e+00	1.594837e+00
-5.286591e+00	1.597471e+00
-5.296931e+00	1.597853e+00
-5.307270e+00	1.588429e+00
-5.317609e+00	1.579005e+00
-5.327948e+00	1.569581e+00
-5.338288e+00	1.560158e+00
-5.348627e+00	1.550734e+00
-5.358966e+00	1.541310e+00
-5.369305e+00	1.531886e+00
-5.379645e+00	1.522462e+00
-5.389984e+00	1.513039e+00
-5.400323e+00	1.526262e+00
-5.410662e+00	1.560828e+00
-5.421002e+00	1.595393e+00
-5.431341e+00	1.629959e+00
-5.441680e+00	1.664524e+00
-5.452019e+00	1.699090e+00
-5.462359e+00	1.733655e+00
-5.472698e+00	1.768221e+00
-5.483037e+00	1.802786e+00
-5.493376e+00	1.837351e+00
-5.503716e+00	1.837494e+00
-5.514055e+00	1.831225e+00
-5.524394e+00	1.824956e+00
-5.534733e+00	1.818686e+00
-5.545073e+00	1.812417e+00
-5.555412e+00	1.806147e+00
-5.565751e+00	1.799878e+00
-5.576090e+00	1.793609e+00
-5.586430e+00	1.787339e+00
-5.596769e+00	1.778701e+00
-5.607108e+00	1.758590e+00
-5.617447e+00	1.738479e+00
-5.627787e+00	1.718368e+00
-5.638126e+00	1.698256e+00
-5.648465e+00	1.678145e+00
-5.658805e+00	1.658034e+00
-5.669144e+00	1.637923e+00
-5.679483e+00	1.617811e+00
-5.689822e+00	1.597700e+00
-5.700162e+00	1.600982e+00
-5.710501e+00	1.627728e+00
-5.720840e+00	1.654475e+00
-5.731179e+00	1.681222e+00
-5.741519e+00	1.707969e+00
-5.751858e+00	1.734716e+00
-5.762197e+00	1.761463e+00
-5.772536e+00	1.788210e+00
-5.782876e+00	1.814957e+00
-5.793215e+00	1.841704e+00
-5.803554e+00	1.813392e+00
-5.813893e+00	1.773590e+00
-5.824233e+00	1.733788e+00
-5.834572e+00	1.693987e+00
-5.844911e+00	1.654185e+00
-5.855250e+00	1.614383e+00
-5.865590e+00	1.574581e+00
-5.875929e+00	1.534779e+00
-5.886268e+00	1.494977e+00
-5.896607e+00	1.466190e+00
-5.906947e+00	1.497241e+00
-5.917286e+00	1.528291e+00
-5.927625e+00	1.559341e+00
-5.937964e+00	1.590391e+00
-5.948304e+00	1.621441e+00
-5.958643e+00	1.652492e+00
-5.968982e+00	1.683542e+00
-5.979321e+00	1.714592e+00
-5.989661e+00	1.745642e+00
-6.000000e+00	1.749270e+00
