# $E$ (mev)	Int (arb. units)	Err. bars (arb. units)
-2.914000e+02	9.492429e-01	5.373572e+00
-2.867000e+02	1.131522e-01	5.057604e+00
-2.820000e+02	-7.264643e-01	4.756146e+00
-2.773000e+02	-3.906182e-01	4.879875e+00
-2.726000e+02	1.140455e-01	5.051801e+00
-2.679000e+02	2.775894e-01	5.123963e+00
-2.632000e+02	9.480729e-01	5.364712e+00
-2.585000e+02	7.811528e-01	5.305872e+00
-2.538000e+02	2.802756e-01	5.125516e+00
-2.491000e+02	-2.228074e-01	4.942944e+00
-2.444000e+02	2.804535e-01	5.122848e+00
-2.397000e+02	-5.563659e-02	4.998337e+00
-2.350000e+02	-2.238952e-01	4.939488e+00
-2.303000e+02	2.785105e-01	5.128351e+00
-2.256000e+02	1.119666e-01	5.061636e+00
-2.209000e+02	-5.660972e-02	5.001474e+00
-2.162000e+02	-7.262731e-01	4.755739e+00
-2.115000e+02	-3.903072e-01	4.881296e+00
-2.068000e+02	-5.533535e-02	5.006295e+00
-2.021000e+02	-5.553669e-02	5.000296e+00
-1.974000e+02	-3.922285e-01	4.877412e+00
-1.927000e+02	-5.586204e-01	4.816310e+00
-1.880000e+02	-2.249796e-01	4.942137e+00
-1.833000e+02	-5.553955e-02	4.999127e+00
-1.786000e+02	-3.915610e-01	4.878247e+00
-1.739000e+02	-7.260774e-01	4.755223e+00
-1.692000e+02	-5.580944e-01	4.818002e+00
-1.645000e+02	2.784421e-01	5.128917e+00
-1.598000e+02	2.798870e-01	5.120711e+00
-1.551000e+02	1.105250e-01	5.064923e+00
-1.504000e+02	4.467724e-01	5.186902e+00
-1.457000e+02	1.119285e-01	5.063673e+00
-1.410000e+02	-3.902018e-01	4.877264e+00
-1.363000e+02	-3.912152e-01	4.875920e+00
-1.316000e+02	2.791307e-01	5.125941e+00
-1.269000e+02	-7.262707e-01	4.754247e+00
-1.222000e+02	-3.923221e-01	4.880247e+00
-1.175000e+02	-7.268406e-01	4.755839e+00
-1.128000e+02	1.103021e-01	5.064433e+00
-1.081000e+02	-3.917167e-01	4.878785e+00
-1.034000e+02	2.798388e-01	5.123848e+00
-9.870000e+01	2.790611e-01	5.126910e+00
-9.400000e+01	9.511609e-01	5.371310e+00
-8.930000e+01	4.475250e-01	5.186314e+00
-8.460000e+01	9.502409e-01	5.369806e+00
-7.990000e+01	7.826243e-01	5.309732e+00
-7.520000e+01	1.110867e-01	5.063873e+00
-7.050000e+01	2.787872e-01	5.126398e+00
-6.580000e+01	6.139943e-01	5.244119e+00
-6.110000e+01	6.161857e-01	5.244664e+00
-5.640000e+01	1.619307e+00	5.585014e+00
-5.170000e+01	1.118779e+00	5.441400e+00
-4.700000e+01	2.120688e+00	5.807746e+00
-4.230000e+01	2.458605e+00	5.929865e+00
-3.760000e+01	4.132656e+00	6.542122e+00
-3.290000e+01	6.309619e+00	7.277483e+00
-2.820000e+01	1.183883e+01	9.241467e+00
-2.350000e+01	1.838357e+01	1.163887e+01
-1.880000e+01	2.793101e+01	1.461621e+01
-1.410000e+01	4.384464e+01	1.996156e+01
-9.400000e+00	5.777523e+01	2.409075e+01
-4.700000e+00	6.780866e+01	2.738960e+01
0.000000e+00	7.299916e+01	2.854229e+01
4.700000e+00	7.284537e+01	2.816589e+01
9.400000e+00	7.637622e+01	2.948816e+01
1.410000e+01	6.212408e+01	2.536942e+01
1.880000e+01	6.329160e+01	2.596908e+01
2.350000e+01	5.474456e+01	2.333800e+01
2.820000e+01	4.451555e+01	2.018333e+01
3.290000e+01	3.682129e+01	1.757785e+01
3.760000e+01	3.129137e+01	1.575325e+01
4.230000e+01	2.373742e+01	1.327755e+01
4.700000e+01	2.307180e+01	1.312771e+01
5.170000e+01	1.469548e+01	1.028959e+01
5.640000e+01	1.268668e+01	9.545924e+00
6.110000e+01	1.151075e+01	9.073926e+00
6.580000e+01	1.016709e+01	8.649764e+00
7.050000e+01	7.825255e+00	7.822702e+00
7.520000e+01	5.808145e+00	7.160384e+00
7.990000e+01	4.469480e+00	6.635452e+00
8.460000e+01	3.293399e+00	6.237485e+00
8.930000e+01	4.302252e+00	6.610108e+00
9.400000e+01	5.977060e+00	7.096931e+00
9.870000e+01	2.962214e+00	6.113679e+00
1.034000e+02	4.133558e+00	6.538794e+00
1.081000e+02	1.957304e+00	5.707309e+00
1.128000e+02	2.626340e+00	5.995014e+00
1.175000e+02	1.116592e+00	5.432202e+00
1.222000e+02	2.457284e+00	5.929579e+00
1.269000e+02	2.792278e+00	6.019642e+00
1.316000e+02	3.462762e+00	6.298750e+00
1.363000e+02	2.123596e+00	5.802135e+00
1.410000e+02	3.467236e+00	6.291232e+00
1.457000e+02	6.160421e-01	5.252254e+00
1.504000e+02	1.452982e+00	5.557150e+00
1.551000e+02	1.116629e+00	5.429036e+00
1.598000e+02	1.619082e+00	5.622544e+00
1.645000e+02	1.787354e+00	5.686134e+00
1.692000e+02	1.951396e+00	5.739666e+00
1.739000e+02	2.287086e+00	5.868402e+00
1.786000e+02	1.951516e+00	5.706574e+00
1.833000e+02	6.131902e-01	5.251679e+00
1.880000e+02	2.797970e-01	5.128042e+00
1.927000e+02	9.503017e-01	5.366215e+00
1.974000e+02	6.139176e-01	5.251890e+00
2.021000e+02	1.452254e+00	5.555989e+00
2.068000e+02	2.123458e+00	5.805807e+00
2.115000e+02	1.451099e+00	5.556658e+00
2.162000e+02	1.622135e+00	5.615319e+00
2.209000e+02	4.474293e-01	5.180331e+00
2.256000e+02	1.287226e+00	5.487895e+00
2.303000e+02	9.491435e-01	5.332191e+00
2.350000e+02	7.823509e-01	5.303243e+00
2.397000e+02	1.116780e+00	5.429782e+00
2.444000e+02	4.462453e-01	5.183475e+00
2.491000e+02	4.458263e-01	5.183695e+00
2.538000e+02	7.810860e-01	5.310968e+00
2.585000e+02	1.117093e+00	5.434415e+00
2.632000e+02	1.125952e-01	5.063166e+00
2.679000e+02	-3.916142e-01	4.878228e+00
2.726000e+02	-2.236673e-01	4.937836e+00
2.773000e+02	6.149278e-01	5.248631e+00
2.820000e+02	-3.911582e-01	4.878489e+00
2.867000e+02	-5.468704e-02	5.001121e+00
2.914000e+02	-7.265117e-01	4.755228e+00
2.961000e+02	1.115318e-01	5.063764e+00
3.008000e+02	-3.912620e-01	4.878257e+00
3.055000e+02	1.120526e-01	5.060415e+00
3.102000e+02	-2.232236e-01	4.941985e+00
3.149000e+02	9.490146e-01	5.372619e+00
3.196000e+02	6.148534e-01	5.247024e+00
3.243000e+02	-2.238943e-01	4.942130e+00
3.290000e+02	6.139434e-01	5.251210e+00
3.337000e+02	-3.913347e-01	4.878489e+00
3.384000e+02	-5.577148e-02	5.001509e+00
3.431000e+02	-2.229237e-01	4.940671e+00
3.478000e+02	1.115745e-01	5.064193e+00
3.525000e+02	-5.585285e-01	4.818489e+00
3.572000e+02	-5.509214e-02	5.003680e+00
3.619000e+02	2.806837e-01	5.122971e+00
3.666000e+02	9.483973e-01	5.373541e+00
3.713000e+02	-3.911158e-01	4.876954e+00
3.760000e+02	4.442058e-01	5.188022e+00
3.807000e+02	-5.725325e-02	5.003114e+00
3.854000e+02	-2.249423e-01	4.940814e+00
