# $E$ (mev)	Int (arb. units)	Err. bars (arb. units)
1.283000e+03	4.103474e+00	3.761648e-01
1.271000e+03	3.341613e+00	3.292590e-01
1.259000e+03	3.920952e+00	3.465665e-01
1.247000e+03	3.761189e+00	3.261364e-01
1.235000e+03	3.174254e+00	2.922138e-01
1.223000e+03	3.257077e+00	2.890189e-01
1.211000e+03	3.404988e+00	2.857403e-01
1.199000e+03	3.033916e+00	2.640685e-01
1.187000e+03	3.508280e+00	2.782247e-01
1.175000e+03	3.643818e+00	2.754467e-01
1.163000e+03	3.371584e+00	2.601234e-01
1.151000e+03	2.982291e+00	2.403198e-01
1.139000e+03	3.220877e+00	2.434754e-01
1.127000e+03	2.853895e+00	2.292303e-01
1.115000e+03	3.167321e+00	2.415060e-01
1.103000e+03	3.462980e+00	2.525638e-01
1.091000e+03	2.910870e+00	2.315764e-01
1.079000e+03	3.610546e+00	2.578961e-01
1.067000e+03	2.984028e+00	2.344474e-01
1.055000e+03	2.726142e+00	2.240875e-01
1.043000e+03	3.057673e+00	2.373215e-01
1.031000e+03	3.076725e+00	2.380841e-01
1.019000e+03	3.519675e+00	2.546747e-01
1.007000e+03	4.422266e+00	2.854560e-01
9.950000e+02	4.495605e+00	2.878016e-01
9.830000e+02	5.232824e+00	3.105110e-01
9.710000e+02	6.504671e+00	3.462087e-01
9.590000e+02	6.597175e+00	3.486715e-01
9.470000e+02	7.869606e+00	3.808369e-01
9.350000e+02	8.936797e+00	4.057990e-01
9.230000e+02	8.660660e+00	3.994865e-01
9.110000e+02	9.461893e+00	4.141358e-01
8.990000e+02	9.563508e+00	4.197914e-01
8.870000e+02	9.508449e+00	4.185861e-01
8.750000e+02	8.844976e+00	4.037161e-01
8.630000e+02	7.591562e+00	3.740094e-01
8.510000e+02	7.813921e+00	3.794776e-01
8.390000e+02	7.831853e+00	3.799007e-01
8.270000e+02	9.301024e+00	4.210376e-01
8.150000e+02	1.020145e+01	4.486594e-01
8.030000e+02	1.022973e+01	4.574875e-01
7.910000e+02	1.102448e+01	4.839211e-01
7.790000e+02	9.738785e+00	4.685575e-01
7.670000e+02	9.660795e+00	4.765319e-01
7.550000e+02	8.085521e+00	4.505885e-01
7.430000e+02	6.865603e+00	4.249702e-01
7.330000e+02	6.277995e+00	4.732217e-01
7.310000e+02	6.269328e+00	4.161099e-01
7.230000e+02	5.997327e+00	4.482613e-01
7.190000e+02	5.727381e+00	4.080590e-01
7.130000e+02	6.665341e+00	4.588610e-01
7.070000e+02	4.734917e+00	3.866043e-01
7.030000e+02	6.514154e+00	4.411942e-01
6.950000e+02	3.616171e+00	3.479662e-01
6.930000e+02	5.471145e+00	3.938216e-01
6.830000e+02	4.160313e+00	2.527210e-01
6.730000e+02	4.196010e+00	3.246970e-01
6.630000e+02	4.568878e+00	3.350064e-01
6.530000e+02	4.655934e+00	3.308828e-01
6.430000e+02	4.465400e+00	3.173422e-01
6.330000e+02	4.550086e+00	3.139857e-01
6.230000e+02	4.232344e+00	2.970523e-01
6.130000e+02	3.576324e+00	2.680568e-01
6.030000e+02	3.392639e+00	2.564594e-01
5.930000e+02	4.039038e+00	2.774023e-01
5.830000e+02	3.591604e+00	2.572001e-01
5.730000e+02	3.610316e+00	2.578797e-01
5.630000e+02	4.107566e+00	2.750629e-01
5.530000e+02	3.721005e+00	2.618090e-01
5.430000e+02	3.150216e+00	2.409030e-01
5.330000e+02	4.047410e+00	2.753913e-01
5.230000e+02	3.611354e+00	2.579538e-01
5.130000e+02	4.220110e+00	2.788727e-01
5.030000e+02	4.017277e+00	2.720843e-01
4.930000e+02	4.569943e+00	2.901917e-01
4.830000e+02	3.969421e+00	2.682286e-01
4.730000e+02	3.740927e+00	2.625616e-01
4.630000e+02	3.482659e+00	2.533262e-01
4.530000e+02	2.911403e+00	2.316188e-01
4.430000e+02	2.082273e+00	1.958838e-01
4.330000e+02	2.340044e+00	2.076453e-01
4.230000e+02	2.413950e+00	2.109078e-01
4.130000e+02	2.229415e+00	2.026741e-01
4.030000e+02	1.989310e+00	1.914215e-01
3.930000e+02	2.633417e+00	2.202174e-01
3.830000e+02	2.099336e+00	1.966208e-01
3.730000e+02	2.099324e+00	1.966197e-01
3.630000e+02	2.467472e+00	2.131571e-01
3.530000e+02	2.095715e+00	1.998186e-01
3.430000e+02	2.093581e+00	2.014549e-01
3.330000e+02	2.130000e+00	2.068839e-01
3.230000e+02	1.960267e+00	2.021861e-01
3.130000e+02	2.061660e+00	2.093299e-01
3.030000e+02	2.277023e+00	2.243618e-01
2.930000e+02	2.141589e+00	2.220725e-01
2.830000e+02	2.186193e+00	2.291753e-01
2.730000e+02	2.234967e+00	2.369060e-01
2.630000e+02	1.630957e+00	2.071317e-01
2.530000e+02	1.768026e+00	2.210032e-01
2.430000e+02	2.529628e+00	2.712045e-01
2.330000e+02	2.704413e+00	2.111792e-01
2.280000e+02	2.866094e+00	3.145947e-01
2.230000e+02	2.160395e+00	1.873300e-01
2.180000e+02	2.859810e+00	3.048567e-01
2.130000e+02	2.406649e+00	1.991757e-01
2.080000e+02	3.315465e+00	3.190308e-01
2.030000e+02	2.982580e+00	2.216934e-01
1.980000e+02	3.081558e+00	2.993074e-01
1.930000e+02	2.690814e+00	2.760716e-01
1.880000e+02	2.513090e+00	2.634435e-01
1.830000e+02	2.748372e+00	2.721294e-01
1.780000e+02	2.393684e+00	2.509263e-01
1.730000e+02	2.340862e+00	2.481308e-01
1.680000e+02	2.130133e+00	2.366814e-01
1.630000e+02	1.882528e+00	2.173756e-01
1.580000e+02	2.552078e+00	2.502518e-01
1.530000e+02	2.688502e+00	2.540395e-01
1.480000e+02	2.724849e+00	2.529959e-01
1.430000e+02	3.449536e+00	2.816534e-01
1.380000e+02	3.514221e+00	2.813629e-01
1.330000e+02	2.737758e+00	2.458580e-01
1.280000e+02	2.857756e+00	2.487357e-01
1.230000e+02	3.227489e+00	2.617839e-01
1.180000e+02	2.937344e+00	2.473690e-01
1.130000e+02	2.842013e+00	2.410564e-01
1.080000e+02	3.533259e+00	2.663294e-01
1.030000e+02	3.530034e+00	2.638472e-01
9.800000e+01	3.565333e+00	2.628399e-01
9.300000e+01	3.846107e+00	2.706111e-01
8.800000e+01	3.762047e+00	2.653544e-01
8.300000e+01	5.410953e+00	3.155732e-01
7.800000e+01	5.172135e+00	3.085437e-01
7.300000e+01	6.001379e+00	3.323856e-01
6.800000e+01	6.276870e+00	3.399116e-01
6.300000e+01	7.987897e+00	3.834313e-01
5.800000e+01	9.202791e+00	4.115613e-01
5.300000e+01	1.185454e+01	4.671345e-01
4.800000e+01	1.397321e+01	5.071955e-01
4.300000e+01	1.686380e+01	5.571955e-01
3.800000e+01	2.035881e+01	6.121738e-01
3.300000e+01	2.331942e+01	6.551329e-01
2.800000e+01	2.727719e+01	7.085581e-01
2.300000e+01	3.096163e+01	7.549372e-01
1.800000e+01	3.383835e+01	7.892898e-01
1.300000e+01	3.609988e+01	8.152053e-01
8.000000e+00	3.850888e+01	8.349820e-01
3.000000e+00	4.174545e+01	8.765720e-01
-2.000000e+00	3.968803e+01	8.547422e-01
-7.000000e+00	3.775841e+01	8.337405e-01
-1.200000e+01	3.160995e+01	7.628492e-01
-1.700000e+01	2.302834e+01	6.510794e-01
-2.200000e+01	1.509567e+01	5.271638e-01
-2.700000e+01	1.010705e+01	4.313584e-01
-3.200000e+01	6.776019e+00	3.532244e-01
-3.700000e+01	5.156486e+00	3.081590e-01
-4.200000e+01	4.184813e+00	2.753405e-01
-4.700000e+01	3.849827e+00	2.662981e-01
-5.200000e+01	3.020423e+00	2.358554e-01
-5.700000e+01	3.019958e+00	2.358191e-01
-6.200000e+01	2.752854e+00	2.270515e-01
-6.700000e+01	2.715558e+00	2.255148e-01
-7.200000e+01	2.552236e+00	2.204796e-01
-7.700000e+01	2.189701e+00	2.059898e-01
-8.200000e+01	2.820605e+00	2.358708e-01
-8.700000e+01	2.369818e+00	2.181595e-01
-9.200000e+01	2.066165e+00	2.055912e-01
-9.700000e+01	1.763034e+00	1.935181e-01
-1.020000e+02	1.954056e+00	2.037244e-01
-1.070000e+02	1.884284e+00	2.020164e-01
-1.120000e+02	1.679159e+00	1.926128e-01
-1.170000e+02	1.240047e+00	1.672079e-01
-1.220000e+02	1.887158e+00	2.084017e-01
-1.270000e+02	1.880258e+00	2.102192e-01
-1.320000e+02	1.584780e+00	1.950730e-01
-1.370000e+02	1.399328e+00	1.853456e-01
-1.420000e+02	1.983685e+00	2.231821e-01
-1.470000e+02	1.670358e+00	2.071824e-01
-1.520000e+02	1.499496e+00	1.986132e-01
-1.570000e+02	1.428161e+00	1.961730e-01
-1.620000e+02	1.022144e+00	1.680395e-01
-1.670000e+02	1.388902e+00	1.984145e-01
-1.720000e+02	1.275614e+00	1.901573e-01
-1.770000e+02	1.367337e+00	1.994465e-01
-1.820000e+02	1.195168e+00	1.889727e-01
-1.870000e+02	1.289841e+00	1.990268e-01
-1.920000e+02	1.453347e+00	2.142843e-01
-1.970000e+02	1.333448e+00	2.082496e-01
-2.020000e+02	1.608254e+00	2.321314e-01
-2.070000e+02	1.485674e+00	2.265631e-01
-2.120000e+02	9.985139e-01	1.887014e-01
-2.170000e+02	1.105552e+00	2.018453e-01
