# $E$ (mev)	Int (arb. units)	Err. bars (arb. units)
-2.632000e+02	2.210449e+00	2.716156e+00
-2.585000e+02	2.284550e+00	2.723485e+00
-2.538000e+02	1.801557e+00	2.695585e+00
-2.491000e+02	2.009610e+00	2.701586e+00
-2.444000e+02	1.722321e+00	2.688204e+00
-2.397000e+02	1.436793e+00	2.671635e+00
-2.350000e+02	7.689938e-01	2.632994e+00
-2.303000e+02	4.966531e-01	2.617119e+00
-2.256000e+02	7.884561e-01	2.634042e+00
-2.209000e+02	2.995728e-01	2.604960e+00
-2.162000e+02	8.886584e-01	2.639104e+00
-2.115000e+02	5.943883e-01	2.621477e+00
-2.068000e+02	-2.616645e-01	2.572303e+00
-2.021000e+02	-6.247970e-01	2.553667e+00
-1.974000e+02	3.887110e-02	2.590549e+00
-1.927000e+02	1.216379e-01	2.594899e+00
-1.880000e+02	3.043102e-02	2.590003e+00
-1.833000e+02	3.510391e-02	2.591038e+00
-1.786000e+02	3.163794e-01	2.606875e+00
-1.739000e+02	-5.528203e-01	2.556191e+00
-1.692000e+02	-7.370609e-02	2.584188e+00
-1.645000e+02	-1.025744e+00	2.528996e+00
-1.598000e+02	-1.224620e+00	2.517238e+00
-1.551000e+02	-9.357706e-01	2.533555e+00
-1.504000e+02	-7.798927e-02	2.583755e+00
-1.457000e+02	-4.682971e-01	2.561429e+00
-1.410000e+02	-8.281121e-02	2.583159e+00
-1.363000e+02	-6.681986e-01	2.549808e+00
-1.316000e+02	-8.630302e-02	2.583287e+00
-1.269000e+02	-2.723058e-01	2.572510e+00
-1.222000e+02	-1.221847e+00	2.515332e+00
-1.175000e+02	-1.233096e+00	2.517451e+00
-1.128000e+02	4.740918e-01	2.616212e+00
-1.081000e+02	-1.425912e+00	2.505599e+00
-1.034000e+02	-5.572629e-01	2.556072e+00
-9.870000e+01	-8.600311e-02	2.582717e+00
-9.400000e+01	1.905255e-01	2.599012e+00
-8.930000e+01	-6.761409e-01	2.549100e+00
-8.460000e+01	1.633294e+00	2.678529e+00
-7.990000e+01	9.831302e-02	2.593300e+00
-7.520000e+01	2.966110e-01	2.604805e+00
-7.050000e+01	-1.324838e+00	2.511210e+00
-6.580000e+01	-1.126718e+00	2.523455e+00
-6.110000e+01	-1.416576e+00	2.505986e+00
-5.640000e+01	-5.597295e-01	2.555322e+00
-5.170000e+01	-1.217274e+00	2.518963e+00
-4.700000e+01	-5.516846e-01	2.557071e+00
-4.230000e+01	-1.032913e+00	2.528654e+00
-3.760000e+01	-2.549402e-01	2.572864e+00
-3.290000e+01	3.967173e-01	2.610119e+00
-2.820000e+01	1.662477e+00	2.684054e+00
-2.350000e+01	3.758946e+00	2.804370e+00
-1.880000e+01	7.400301e+00	3.014754e+00
-1.410000e+01	1.035146e+01	3.184025e+00
-9.400000e+00	2.167467e+01	3.841718e+00
-4.700000e+00	2.985312e+01	4.286904e+00
0.000000e+00	4.644768e+01	5.224188e+00
4.700000e+00	4.474032e+01	5.123975e+00
9.400000e+00	5.616745e+01	5.746121e+00
1.410000e+01	5.341227e+01	5.588492e+00
1.880000e+01	5.251275e+01	5.566207e+00
2.350000e+01	5.395801e+01	5.646776e+00
2.820000e+01	4.202316e+01	4.969434e+00
3.290000e+01	3.713814e+01	4.694677e+00
3.760000e+01	2.979128e+01	4.281795e+00
4.230000e+01	2.612059e+01	4.093847e+00
4.700000e+01	2.350488e+01	3.925058e+00
5.170000e+01	1.543784e+01	3.474594e+00
5.640000e+01	1.143671e+01	3.249697e+00
6.110000e+01	9.807742e+00	3.151066e+00
6.580000e+01	6.160053e+00	2.944160e+00
7.050000e+01	5.854522e+00	2.926904e+00
7.520000e+01	3.864264e+00	2.810663e+00
7.990000e+01	2.797517e+00	2.749183e+00
8.460000e+01	3.565231e+00	2.793455e+00
8.930000e+01	3.170345e+00	2.773171e+00
9.400000e+01	1.911997e+00	2.696551e+00
9.870000e+01	2.688772e+00	2.739041e+00
1.034000e+02	2.499770e+00	2.730564e+00
1.081000e+02	2.807961e+00	2.750193e+00
1.128000e+02	2.122660e+00	2.711376e+00
1.175000e+02	1.548021e+00	2.677277e+00
1.222000e+02	1.353659e+00	2.666431e+00
1.269000e+02	9.836808e-01	2.645633e+00
1.316000e+02	1.386590e+00	2.670302e+00
1.363000e+02	1.568749e+00	2.680566e+00
1.410000e+02	6.026213e-01	2.623814e+00
1.457000e+02	9.776277e-01	2.645483e+00
1.504000e+02	1.283336e+00	2.662858e+00
1.551000e+02	1.650091e+00	2.683783e+00
1.598000e+02	4.171117e-01	2.613243e+00
1.645000e+02	-2.656169e-01	2.573338e+00
1.692000e+02	7.015927e-01	2.629127e+00
1.739000e+02	4.137109e-01	2.612733e+00
1.786000e+02	1.159449e-02	2.588707e+00
1.833000e+02	3.179409e-01	2.607175e+00
1.880000e+02	1.260684e+00	2.661714e+00
1.927000e+02	1.592073e-02	2.589192e+00
1.974000e+02	1.083850e+00	2.652371e+00
2.021000e+02	8.877097e-01	2.640712e+00
2.068000e+02	3.959573e-01	2.611244e+00
2.115000e+02	-2.406773e-01	2.576450e+00
2.162000e+02	1.263705e+00	2.652149e+00
2.209000e+02	4.980050e-01	2.617371e+00
2.256000e+02	1.309683e-01	2.597039e+00
2.303000e+02	1.861463e-02	2.589586e+00
2.350000e+02	1.051276e-02	2.588835e+00
2.397000e+02	-3.630133e-01	2.567704e+00
2.444000e+02	7.924988e-01	2.634732e+00
2.491000e+02	-7.512140e-02	2.584509e+00
2.538000e+02	-1.606030e-01	2.579522e+00
2.585000e+02	2.525302e+00	2.731891e+00
2.632000e+02	4.185053e-01	2.613406e+00
2.679000e+02	1.673367e+00	2.682224e+00
2.726000e+02	3.165417e-01	2.607092e+00
2.773000e+02	-3.642388e-01	2.566849e+00
2.820000e+02	-8.601652e-02	2.582959e+00
2.867000e+02	-6.648237e-01	2.549488e+00
2.914000e+02	-1.810933e-01	2.577868e+00
2.961000e+02	1.386088e-02	2.589174e+00
3.008000e+02	-7.837328e-02	2.583868e+00
3.055000e+02	7.913534e-01	2.633953e+00
3.102000e+02	4.993952e-01	2.616329e+00
3.149000e+02	2.856501e-02	2.589853e+00
3.196000e+02	7.990518e-01	2.634599e+00
3.243000e+02	1.267977e+00	2.661794e+00
3.290000e+02	-3.636598e-01	2.567236e+00
3.337000e+02	-9.584972e-01	2.532910e+00
3.384000e+02	-1.323561e+00	2.511478e+00
3.431000e+02	-9.347808e-01	2.534325e+00
3.478000e+02	1.198669e+00	2.660242e+00
3.525000e+02	8.018954e-01	2.635075e+00
3.572000e+02	1.008266e+00	2.648035e+00
3.619000e+02	-2.363190e-01	2.576945e+00
3.666000e+02	-5.984528e-02	2.582352e+00
3.713000e+02	-1.121707e+00	2.523617e+00
3.760000e+02	-9.416462e-01	2.533820e+00
3.807000e+02	-9.417371e-01	2.534555e+00
3.854000e+02	-6.674054e-02	2.582231e+00
3.901000e+02	-6.395727e-01	2.552660e+00
3.948000e+02	9.930975e-01	2.643354e+00
3.995000e+02	-1.675627e-01	2.579009e+00
4.042000e+02	-7.331126e-01	2.547204e+00
4.089000e+02	-1.409034e+00	2.507693e+00
4.136000e+02	-6.407096e-01	2.552008e+00
