# $E$ (mev)	Int (arb. units)	Err. bars (arb. units)
-2.679000e+02	1.001991e+00	2.840211e+00
-2.632000e+02	4.293131e-01	2.808201e+00
-2.585000e+02	7.103989e-01	2.824362e+00
-2.538000e+02	4.425222e-01	2.808461e+00
-2.491000e+02	6.288710e-01	2.818747e+00
-2.444000e+02	-1.168549e-01	2.775782e+00
-2.397000e+02	-4.035782e-01	2.758192e+00
-2.350000e+02	-3.100231e-01	2.764380e+00
-2.303000e+02	-2.157599e-01	2.770049e+00
-2.256000e+02	-6.900649e-01	2.742556e+00
-2.209000e+02	-3.427954e-02	2.779593e+00
-2.162000e+02	1.632273e-01	2.792408e+00
-2.115000e+02	1.642754e-01	2.793223e+00
-2.068000e+02	2.511388e-01	2.796680e+00
-2.021000e+02	3.487622e-01	2.802182e+00
-1.974000e+02	-3.035253e-01	2.764646e+00
-1.927000e+02	-7.749086e-01	2.737521e+00
-1.880000e+02	-5.099626e-01	2.752346e+00
-1.833000e+02	-1.070304e+00	2.719766e+00
-1.786000e+02	-8.887753e-01	2.729849e+00
-1.739000e+02	-1.075097e+00	2.718656e+00
-1.692000e+02	-6.954729e-01	2.740070e+00
-1.645000e+02	-5.075860e-01	2.750422e+00
-1.598000e+02	1.442505e+00	2.868445e+00
-1.551000e+02	8.840743e-01	2.836385e+00
-1.504000e+02	-6.025356e-01	2.746722e+00
-1.457000e+02	-2.177380e-01	2.768398e+00
-1.410000e+02	1.500373e-01	2.790286e+00
-1.363000e+02	-4.309855e-01	2.759162e+00
-1.316000e+02	-6.941071e-01	2.741637e+00
-1.269000e+02	-4.184795e-01	2.755214e+00
-1.222000e+02	-1.076248e+00	2.718852e+00
-1.175000e+02	-6.134731e-01	2.746608e+00
-1.128000e+02	-5.965264e-01	2.747344e+00
-1.081000e+02	-1.912387e+00	2.669920e+00
-1.034000e+02	-1.634789e+00	2.686784e+00
-9.870000e+01	5.166940e-02	2.782499e+00
-9.400000e+01	-1.632501e+00	2.686759e+00
-8.930000e+01	-3.085574e-02	2.780915e+00
-8.460000e+01	-2.310980e-01	2.768710e+00
-7.990000e+01	8.014381e-01	2.829044e+00
-7.520000e+01	-4.059538e-01	2.758392e+00
-7.050000e+01	-1.157928e-01	2.775956e+00
-6.580000e+01	7.220242e-01	2.823984e+00
-6.110000e+01	6.237450e-01	2.818398e+00
-5.640000e+01	9.149114e-01	2.836661e+00
-5.170000e+01	2.463011e-01	2.796981e+00
-4.700000e+01	6.206060e-01	2.818602e+00
-4.230000e+01	7.187044e-01	2.823846e+00
-3.760000e+01	7.141183e-01	2.824366e+00
-3.290000e+01	1.279408e+00	2.856964e+00
-2.820000e+01	2.034691e+00	2.899241e+00
-2.350000e+01	6.556016e+00	3.163865e+00
-1.880000e+01	8.326333e+00	3.269185e+00
-1.410000e+01	1.846491e+01	3.854818e+00
-9.400000e+00	2.788692e+01	4.413956e+00
-4.700000e+00	3.814761e+01	4.958345e+00
0.000000e+00	4.265901e+01	5.239581e+00
4.700000e+00	4.318212e+01	5.260059e+00
9.400000e+00	4.522996e+01	5.378897e+00
1.410000e+01	4.399545e+01	5.315884e+00
1.880000e+01	3.531498e+01	4.832425e+00
2.350000e+01	3.554608e+01	4.819918e+00
2.820000e+01	3.810405e+01	4.958078e+00
3.290000e+01	2.856823e+01	4.413465e+00
3.760000e+01	2.346295e+01	4.137551e+00
4.230000e+01	2.312152e+01	4.121226e+00
4.700000e+01	1.651480e+01	3.743225e+00
5.170000e+01	1.255100e+01	3.515872e+00
5.640000e+01	8.063282e+00	3.249983e+00
6.110000e+01	7.693391e+00	3.228439e+00
6.580000e+01	5.321915e+00	3.090605e+00
7.050000e+01	4.402774e+00	3.040357e+00
7.520000e+01	3.077771e+00	2.961173e+00
7.990000e+01	3.166348e+00	2.967873e+00
8.460000e+01	2.883668e+00	2.952250e+00
8.930000e+01	3.063058e+00	2.957185e+00
9.400000e+01	1.007754e+00	2.841823e+00
9.870000e+01	2.132294e+00	2.908568e+00
1.034000e+02	3.827623e+00	3.008491e+00
1.081000e+02	2.428161e+00	2.927280e+00
1.128000e+02	1.661868e+00	2.880793e+00
1.175000e+02	1.854684e+00	2.892024e+00
1.222000e+02	2.516285e+00	2.931788e+00
1.269000e+02	1.084274e+00	2.847192e+00
1.316000e+02	2.221736e+00	2.913631e+00
1.363000e+02	9.126065e-01	2.835985e+00
1.410000e+02	7.331277e-01	2.826249e+00
1.457000e+02	6.227459e-01	2.818427e+00
1.504000e+02	1.006764e+00	2.842074e+00
1.551000e+02	1.266913e+00	2.857397e+00
1.598000e+02	7.857935e-01	2.829495e+00
1.645000e+02	7.005915e-01	2.824555e+00
1.692000e+02	4.322649e-01	2.806790e+00
1.739000e+02	1.369145e+00	2.859014e+00
1.786000e+02	1.652532e+00	2.880390e+00
1.833000e+02	1.082618e+00	2.846354e+00
1.880000e+02	1.287144e+00	2.857520e+00
1.927000e+02	6.192689e-01	2.818110e+00
1.974000e+02	1.190845e+00	2.851752e+00
2.021000e+02	6.819874e-02	2.786236e+00
2.068000e+02	-5.360958e-02	2.779044e+00
2.115000e+02	3.154702e+00	2.956371e+00
2.162000e+02	-5.098233e-01	2.747867e+00
2.209000e+02	5.805906e-02	2.783588e+00
2.256000e+02	-2.314367e-01	2.768091e+00
2.303000e+02	-1.345248e-01	2.775147e+00
2.350000e+02	-5.132747e-01	2.752707e+00
2.397000e+02	1.271574e+00	2.857282e+00
2.444000e+02	1.494447e-01	2.791776e+00
2.491000e+02	-4.201666e-01	2.758017e+00
2.538000e+02	1.835347e+00	2.884690e+00
2.585000e+02	-2.357973e-01	2.769124e+00
2.632000e+02	1.187547e+00	2.843088e+00
2.679000e+02	1.477625e-01	2.791462e+00
2.726000e+02	2.392219e-01	2.795594e+00
2.773000e+02	-5.089940e-01	2.752408e+00
2.820000e+02	-4.988827e-02	2.780689e+00
2.867000e+02	1.460283e-01	2.791346e+00
2.914000e+02	5.986259e-02	2.786830e+00
2.961000e+02	-6.946225e-01	2.741836e+00
3.008000e+02	-1.323415e-01	2.774930e+00
3.055000e+02	-4.128168e-01	2.755056e+00
3.102000e+02	1.565171e-01	2.792231e+00
3.149000e+02	-4.103103e-01	2.758882e+00
3.196000e+02	3.336943e-01	2.801508e+00
3.243000e+02	-5.113443e-01	2.751711e+00
3.290000e+02	-3.076190e-01	2.763054e+00
3.337000e+02	3.361515e-01	2.800647e+00
3.384000e+02	-4.250189e-02	2.779100e+00
3.431000e+02	-4.647679e-02	2.779312e+00
3.478000e+02	-1.074869e+00	2.719218e+00
3.525000e+02	-1.358528e+00	2.702087e+00
3.572000e+02	-1.456758e+00	2.696284e+00
3.619000e+02	-2.316485e-01	2.768596e+00
3.666000e+02	-3.245559e-01	2.762639e+00
3.713000e+02	5.274060e-01	2.809460e+00
3.760000e+02	-1.364893e+00	2.702147e+00
3.807000e+02	-1.363468e-01	2.773315e+00
3.854000e+02	-6.979124e-01	2.740933e+00
3.901000e+02	6.124940e-01	2.814142e+00
3.948000e+02	-8.911086e-01	2.729934e+00
3.995000e+02	-8.924705e-01	2.729984e+00
4.042000e+02	-5.958479e-01	2.746864e+00
4.089000e+02	-1.254940e+00	2.708608e+00
