# $E$ (mev)	Int (arb. units)	Err. bars (arb. units)
-2.679000e+02	2.822785e-01	2.581975e+00
-2.632000e+02	-1.311832e-01	2.559612e+00
-2.585000e+02	4.945668e-01	2.593185e+00
-2.538000e+02	9.382702e-02	2.571665e+00
-2.491000e+02	3.879697e-01	2.587591e+00
-2.444000e+02	-4.449169e-01	2.543191e+00
-2.397000e+02	-7.561252e-01	2.526179e+00
-2.350000e+02	-3.511982e-01	2.549452e+00
-2.303000e+02	1.901181e+00	2.673029e+00
-2.256000e+02	5.761654e-01	2.599065e+00
-2.209000e+02	1.079466e+00	2.629020e+00
-2.162000e+02	1.092433e+00	2.627230e+00
-2.115000e+02	4.746832e-01	2.593557e+00
-2.068000e+02	-4.317460e-01	2.544048e+00
-2.021000e+02	-1.128831e-01	2.561334e+00
-1.974000e+02	-8.432460e-01	2.521762e+00
-1.927000e+02	-8.521469e-01	2.520873e+00
-1.880000e+02	-8.463174e-01	2.521259e+00
-1.833000e+02	1.977506e-01	2.578204e+00
-1.786000e+02	-4.283192e-01	2.543585e+00
-1.739000e+02	8.189610e-02	2.570697e+00
-1.692000e+02	-1.356704e+00	2.493399e+00
-1.645000e+02	-1.155099e+00	2.503968e+00
-1.598000e+02	-1.159516e+00	2.504406e+00
-1.551000e+02	-7.566015e-01	2.526487e+00
-1.504000e+02	-6.539631e-01	2.531793e+00
-1.457000e+02	1.716576e-01	2.575660e+00
-1.410000e+02	-4.435072e-01	2.543329e+00
-1.363000e+02	-1.244870e-01	2.560604e+00
-1.316000e+02	-9.461356e-01	2.516226e+00
-1.269000e+02	-9.623656e-01	2.514693e+00
-1.222000e+02	-3.353796e-01	2.548018e+00
-1.175000e+02	1.322732e+00	2.637611e+00
-1.128000e+02	-9.586217e-01	2.515622e+00
-1.081000e+02	-1.884152e+00	2.465429e+00
-1.034000e+02	-1.364168e+00	2.493142e+00
-9.870000e+01	-1.674266e+00	2.476826e+00
-9.400000e+01	-1.779803e+00	2.470968e+00
-8.930000e+01	-2.251511e-01	2.550733e+00
-8.460000e+01	-9.548787e-01	2.514880e+00
-7.990000e+01	-4.335278e-01	2.542773e+00
-7.520000e+01	3.734933e-01	2.588420e+00
-7.050000e+01	1.095962e+00	2.627002e+00
-6.580000e+01	-2.305160e-01	2.554043e+00
-6.110000e+01	-4.231338e-01	2.544504e+00
-5.640000e+01	-8.348559e-01	2.522348e+00
-5.170000e+01	-2.227374e-02	2.565311e+00
-4.700000e+01	1.818173e-01	2.576467e+00
-4.230000e+01	-8.459018e-01	2.521177e+00
-3.760000e+01	3.807426e-01	2.587692e+00
-3.290000e+01	1.105906e+00	2.623871e+00
-2.820000e+01	1.720268e-01	2.576429e+00
-2.350000e+01	1.934969e+00	2.670325e+00
-1.880000e+01	1.926787e+00	2.670549e+00
-1.410000e+01	6.890654e+00	2.937018e+00
-9.400000e+00	1.734167e+01	3.491967e+00
-4.700000e+00	2.148492e+01	3.708581e+00
0.000000e+00	2.820591e+01	4.054913e+00
4.700000e+00	2.931518e+01	4.124163e+00
9.400000e+00	2.768795e+01	4.028135e+00
1.410000e+01	2.859982e+01	4.075764e+00
1.880000e+01	2.848569e+01	4.077298e+00
2.350000e+01	2.809340e+01	4.059255e+00
2.820000e+01	2.597812e+01	3.938928e+00
3.290000e+01	2.555419e+01	3.926743e+00
3.760000e+01	2.029948e+01	3.636405e+00
4.230000e+01	1.944495e+01	3.604826e+00
4.700000e+01	1.309888e+01	3.268978e+00
5.170000e+01	1.181438e+01	3.198805e+00
5.640000e+01	1.006760e+01	3.102200e+00
6.110000e+01	8.711026e+00	3.024539e+00
6.580000e+01	9.431176e+00	3.067561e+00
7.050000e+01	5.877776e+00	2.883152e+00
7.520000e+01	5.526984e+00	2.864698e+00
7.990000e+01	4.197530e+00	2.789089e+00
8.460000e+01	3.447127e+00	2.753745e+00
8.930000e+01	3.961315e+00	2.780995e+00
9.400000e+01	3.768301e+00	2.767674e+00
9.870000e+01	3.147829e+00	2.731658e+00
1.034000e+02	3.971353e+00	2.780292e+00
1.081000e+02	3.962637e+00	2.781331e+00
1.128000e+02	3.552918e+00	2.759423e+00
1.175000e+02	3.255810e+00	2.739927e+00
1.222000e+02	1.414407e+00	2.642237e+00
1.269000e+02	1.900960e+00	2.670250e+00
1.316000e+02	1.908433e+00	2.670187e+00
1.363000e+02	1.917646e+00	2.670986e+00
1.410000e+02	1.424805e+00	2.642081e+00
1.457000e+02	1.422036e+00	2.641599e+00
1.504000e+02	1.209221e+00	2.630997e+00
1.551000e+02	2.450466e+00	2.695194e+00
1.598000e+02	3.524096e+00	2.761655e+00
1.645000e+02	1.106875e+00	2.625873e+00
1.692000e+02	-7.467829e-01	2.525617e+00
1.739000e+02	4.063782e-01	2.587509e+00
1.786000e+02	1.391016e+00	2.643406e+00
1.833000e+02	1.609528e+00	2.652886e+00
1.880000e+02	6.842726e-01	2.602658e+00
1.927000e+02	3.939572e-01	2.587074e+00
1.974000e+02	5.972755e-01	2.597638e+00
2.021000e+02	3.930598e-01	2.586843e+00
2.068000e+02	5.977379e-01	2.597695e+00
2.115000e+02	3.906765e+00	2.769243e+00
2.162000e+02	3.911711e-01	2.585829e+00
2.209000e+02	9.210541e-02	2.571082e+00
2.256000e+02	-3.021589e-02	2.564235e+00
2.303000e+02	2.924194e-01	2.580677e+00
2.350000e+02	-6.486951e-01	2.530658e+00
2.397000e+02	-5.502404e-01	2.536778e+00
2.444000e+02	-9.618934e-01	2.515095e+00
2.491000e+02	-5.359365e-01	2.537077e+00
2.538000e+02	9.071236e-01	2.608575e+00
2.585000e+02	-1.258593e-01	2.559034e+00
2.632000e+02	1.907581e-01	2.576893e+00
2.679000e+02	4.884255e-01	2.589137e+00
2.726000e+02	-6.483756e-01	2.530732e+00
2.773000e+02	-8.422588e-01	2.520060e+00
2.820000e+02	-5.337232e-01	2.536656e+00
2.867000e+02	-9.538564e-01	2.514584e+00
2.914000e+02	-4.386652e-01	2.542265e+00
2.961000e+02	-7.435219e-01	2.525750e+00
3.008000e+02	-9.564504e-01	2.514883e+00
3.055000e+02	-9.529379e-01	2.515308e+00
3.102000e+02	-1.061618e+00	2.510068e+00
3.149000e+02	-5.553874e-01	2.537413e+00
3.196000e+02	2.504135e-01	2.577404e+00
3.243000e+02	1.524546e-01	2.577303e+00
3.290000e+02	9.876115e-01	2.620414e+00
3.337000e+02	-3.811111e-02	2.565369e+00
3.384000e+02	-3.321562e-01	2.548448e+00
3.431000e+02	-1.784758e-02	2.565382e+00
3.478000e+02	-1.353180e-01	2.559174e+00
3.525000e+02	-5.413442e-01	2.537534e+00
3.572000e+02	-7.529129e-01	2.526410e+00
3.619000e+02	-3.464514e-01	2.549094e+00
3.666000e+02	-4.236200e-01	2.544425e+00
3.713000e+02	-2.105151e-01	2.555969e+00
3.760000e+02	-5.258197e-01	2.537785e+00
3.807000e+02	-5.322796e-01	2.537552e+00
3.854000e+02	-1.044957e+00	2.509752e+00
3.901000e+02	7.134101e-01	2.604784e+00
3.948000e+02	-8.428370e-01	2.521091e+00
3.995000e+02	-9.402841e-01	2.515807e+00
4.042000e+02	-4.142115e-01	2.545262e+00
4.089000e+02	5.178257e-01	2.592219e+00
