# $E$ (mev)	Int (arb. units)	Err. bars (arb. units)
-2.632000e+02	2.448123e-01	2.594724e+00
-2.585000e+02	-7.018850e-01	2.539115e+00
-2.538000e+02	-1.189221e-01	2.572298e+00
-2.491000e+02	-6.937692e-01	2.540198e+00
-2.444000e+02	-6.145312e-01	2.545535e+00
-2.397000e+02	-4.447058e-02	2.578372e+00
-2.350000e+02	-9.826885e-01	2.523668e+00
-2.303000e+02	-9.877406e-01	2.523032e+00
-2.256000e+02	-1.181336e+00	2.512207e+00
-2.209000e+02	-1.076599e+00	2.518122e+00
-2.162000e+02	-6.914702e-01	2.540067e+00
-2.115000e+02	-1.200301e-02	2.579937e+00
-2.068000e+02	1.573265e-01	2.589834e+00
-2.021000e+02	-1.176728e+00	2.512364e+00
-1.974000e+02	-1.164047e-01	2.570292e+00
-1.927000e+02	-1.178036e+00	2.508780e+00
-1.880000e+02	-8.195764e-03	2.580165e+00
-1.833000e+02	1.245728e+00	2.652039e+00
-1.786000e+02	9.408175e-01	2.630999e+00
-1.739000e+02	-3.156287e-01	2.561505e+00
-1.692000e+02	5.541114e-01	2.608756e+00
-1.645000e+02	-3.176993e-01	2.561741e+00
-1.598000e+02	5.366770e-02	2.584278e+00
-1.551000e+02	1.459225e-01	2.589987e+00
-1.504000e+02	-2.334721e-01	2.567687e+00
-1.457000e+02	-9.021728e-01	2.528624e+00
-1.410000e+02	-3.397432e-02	2.579073e+00
-1.363000e+02	-5.902441e-01	2.546562e+00
-1.316000e+02	7.938658e-02	2.584382e+00
-1.269000e+02	-5.062617e-01	2.550780e+00
-1.222000e+02	7.136175e-02	2.584513e+00
-1.175000e+02	1.580596e-01	2.589713e+00
-1.128000e+02	2.285338e+00	2.702275e+00
-1.081000e+02	-6.047566e-01	2.545134e+00
-1.034000e+02	5.547263e-02	2.583719e+00
-9.870000e+01	1.125619e+00	2.644840e+00
-9.400000e+01	1.801335e-01	2.591734e+00
-8.930000e+01	1.809078e+00	2.684860e+00
-8.460000e+01	3.451581e+00	2.772116e+00
-7.990000e+01	3.615677e-01	2.601661e+00
-7.520000e+01	1.032181e+00	2.636859e+00
-7.050000e+01	8.413443e-01	2.628870e+00
-6.580000e+01	-5.306362e-01	2.550938e+00
-6.110000e+01	-9.000932e-01	2.528241e+00
-5.640000e+01	-6.923068e-01	2.540079e+00
-5.170000e+01	-4.015447e-01	2.557283e+00
-4.700000e+01	-2.076405e-01	2.568350e+00
-4.230000e+01	9.848186e-02	2.586656e+00
-3.760000e+01	1.647473e-01	2.589431e+00
-3.290000e+01	7.115430e-02	2.584085e+00
-2.820000e+01	2.361296e+00	2.716224e+00
-2.350000e+01	3.991589e+00	2.811216e+00
-1.880000e+01	5.559689e+00	2.893954e+00
-1.410000e+01	1.169789e+01	3.250221e+00
-9.400000e+00	2.040281e+01	3.749753e+00
-4.700000e+00	2.932317e+01	4.243324e+00
0.000000e+00	4.023927e+01	4.846118e+00
4.700000e+00	4.918734e+01	5.366081e+00
9.400000e+00	4.860060e+01	5.306894e+00
1.410000e+01	5.321799e+01	5.562065e+00
1.880000e+01	4.760359e+01	5.225536e+00
2.350000e+01	4.046179e+01	4.857746e+00
2.820000e+01	3.718596e+01	4.678286e+00
3.290000e+01	2.982155e+01	4.267670e+00
3.760000e+01	2.671753e+01	4.103088e+00
4.230000e+01	2.029568e+01	3.736825e+00
4.700000e+01	2.017860e+01	3.722022e+00
5.170000e+01	1.628952e+01	3.506959e+00
5.640000e+01	1.308379e+01	3.323928e+00
6.110000e+01	7.491100e+00	3.010130e+00
6.580000e+01	9.008785e+00	3.099892e+00
7.050000e+01	7.655102e+00	3.018702e+00
7.520000e+01	5.749622e+00	2.906723e+00
7.990000e+01	2.768723e+00	2.738718e+00
8.460000e+01	5.566756e+00	2.900500e+00
8.930000e+01	3.339217e+00	2.768735e+00
9.400000e+01	2.761211e+00	2.735103e+00
9.870000e+01	1.602979e+00	2.672468e+00
1.034000e+02	2.378395e+00	2.717986e+00
1.081000e+02	4.181673e+00	2.819904e+00
1.128000e+02	2.362666e+00	2.710746e+00
1.175000e+02	1.113354e+00	2.645176e+00
1.222000e+02	2.960908e+00	2.751259e+00
1.269000e+02	2.275357e+00	2.711506e+00
1.316000e+02	1.969396e+00	2.695124e+00
1.363000e+02	1.616649e+00	2.673211e+00
1.410000e+02	1.316823e+00	2.656273e+00
1.457000e+02	4.467064e-01	2.606109e+00
1.504000e+02	2.451908e-01	2.594647e+00
1.551000e+02	1.625075e-01	2.589745e+00
1.598000e+02	2.485985e-01	2.594630e+00
1.645000e+02	1.608949e-01	2.589302e+00
1.692000e+02	-2.895116e-02	2.577656e+00
1.739000e+02	-7.006624e-01	2.540215e+00
1.786000e+02	6.621741e-01	2.619851e+00
1.833000e+02	1.309818e+00	2.656287e+00
1.880000e+02	8.412339e-01	2.628644e+00
1.927000e+02	4.531455e-01	2.606397e+00
1.974000e+02	-4.049457e-01	2.557406e+00
2.021000e+02	7.358117e-02	2.584383e+00
2.068000e+02	7.695745e-02	2.584720e+00
2.115000e+02	-4.973669e-01	2.552252e+00
2.162000e+02	1.632429e+00	2.668469e+00
2.209000e+02	-5.153298e-01	2.551245e+00
2.256000e+02	4.512145e-01	2.603280e+00
2.303000e+02	2.601078e-01	2.596015e+00
2.350000e+02	1.597768e+00	2.672749e+00
2.397000e+02	-6.094694e-01	2.545697e+00
2.444000e+02	1.695429e+00	2.678247e+00
2.491000e+02	3.636016e-01	2.600830e+00
2.538000e+02	-4.945037e-01	2.552349e+00
2.585000e+02	1.980608e+00	2.691831e+00
2.632000e+02	-3.324204e-01	2.562104e+00
2.679000e+02	8.406917e-01	2.627923e+00
2.726000e+02	7.501002e-01	2.622351e+00
2.773000e+02	5.483341e-01	2.611893e+00
2.820000e+02	-3.123471e-01	2.562300e+00
2.867000e+02	1.709272e-01	2.590109e+00
2.914000e+02	8.623579e-02	2.585516e+00
2.961000e+02	-6.134997e-01	2.545059e+00
3.008000e+02	-6.087116e-01	2.545697e+00
3.055000e+02	-6.040760e-01	2.545872e+00
3.102000e+02	-7.039764e-01	2.539822e+00
3.149000e+02	-1.067259e-01	2.574881e+00
3.196000e+02	-1.260869e-01	2.572815e+00
3.243000e+02	1.324145e+00	2.655631e+00
3.290000e+02	6.723642e-01	2.619718e+00
3.337000e+02	1.061313e+00	2.643156e+00
3.384000e+02	-9.980156e-02	2.575572e+00
3.431000e+02	1.935946e-01	2.592400e+00
3.478000e+02	-2.204887e-03	2.580978e+00
3.525000e+02	-2.047197e-01	2.569077e+00
3.572000e+02	-4.960873e-01	2.551232e+00
3.619000e+02	-1.472475e-02	2.578830e+00
3.666000e+02	6.909009e-02	2.583754e+00
3.713000e+02	-1.269234e+00	2.506961e+00
3.760000e+02	-1.284572e+00	2.506597e+00
3.807000e+02	-5.240343e-01	2.550664e+00
3.854000e+02	1.208154e+00	2.650123e+00
3.901000e+02	-6.120422e-01	2.544982e+00
3.948000e+02	1.052975e+00	2.641645e+00
3.995000e+02	5.799982e-01	2.615584e+00
4.042000e+02	-1.931358e-01	2.569869e+00
4.089000e+02	-5.984109e-01	2.545192e+00
4.136000e+02	-1.272833e+00	2.506725e+00
