# $E$ (mev)	Int (arb. units)	Err. bars (arb. units)
-2.115000e+02	7.526271e-01	5.532954e+00
-2.068000e+02	-8.265438e-01	5.447906e+00
-2.021000e+02	1.768115e+00	5.605466e+00
-1.974000e+02	1.799814e+00	5.654933e+00
-1.927000e+02	3.344208e+00	5.719623e+00
-1.880000e+02	5.808909e+00	5.845913e+00
-1.833000e+02	2.245561e+00	5.618363e+00
-1.786000e+02	-2.308961e+00	5.366628e+00
-1.739000e+02	-8.749508e-01	5.438783e+00
-1.692000e+02	-2.348027e+00	5.359461e+00
-1.645000e+02	-2.781307e+00	5.353862e+00
-1.598000e+02	-5.250456e+00	5.207590e+00
-1.551000e+02	-4.242866e+00	5.257334e+00
-1.504000e+02	-3.855649e+00	5.286220e+00
-1.457000e+02	-2.800921e+00	5.340478e+00
-1.410000e+02	-1.825001e+00	5.396933e+00
-1.363000e+02	-3.828414e+00	5.285116e+00
-1.316000e+02	-4.278487e+00	5.256189e+00
-1.269000e+02	-3.277721e+00	5.306925e+00
-1.222000e+02	-8.024113e-01	5.441516e+00
-1.175000e+02	2.179632e+00	5.590569e+00
-1.128000e+02	-2.765985e+00	5.358788e+00
-1.081000e+02	-1.679801e+00	5.391472e+00
-1.034000e+02	8.455073e-01	5.512845e+00
-9.870000e+01	2.991738e-01	5.474859e+00
-9.400000e+01	-2.208125e+00	5.354152e+00
-8.930000e+01	-3.196522e+00	5.304094e+00
-8.460000e+01	1.279217e+00	5.541529e+00
-7.990000e+01	2.743665e+00	5.608389e+00
-7.520000e+01	3.680518e+00	5.662467e+00
-7.050000e+01	4.150424e+00	5.682010e+00
-6.580000e+01	4.276899e+00	5.678696e+00
-6.110000e+01	5.750661e+00	5.767566e+00
-5.640000e+01	9.440272e+00	5.947217e+00
-5.170000e+01	9.208102e+00	5.929895e+00
-4.700000e+01	1.675278e+01	6.338315e+00
-4.230000e+01	1.428415e+01	6.194204e+00
-3.760000e+01	1.933009e+01	6.469260e+00
-3.290000e+01	2.891604e+01	6.914575e+00
-2.820000e+01	4.196527e+01	7.542389e+00
-2.350000e+01	4.811478e+01	7.849016e+00
-1.880000e+01	7.957415e+01	9.303188e+00
-1.410000e+01	1.094515e+02	1.071381e+01
-9.400000e+00	1.418011e+02	1.249781e+01
-4.700000e+00	1.701225e+02	1.358817e+01
0.000000e+00	2.125256e+02	1.561817e+01
4.700000e+00	2.400436e+02	1.663010e+01
9.400000e+00	2.597899e+02	1.757677e+01
1.410000e+01	2.341230e+02	1.631503e+01
1.880000e+01	2.430860e+02	1.680385e+01
2.350000e+01	2.397145e+02	1.684906e+01
2.820000e+01	2.346611e+02	1.636034e+01
3.290000e+01	1.743090e+02	1.384256e+01
3.760000e+01	1.500103e+02	1.271087e+01
4.230000e+01	1.347317e+02	1.192315e+01
4.700000e+01	1.138508e+02	1.088384e+01
5.170000e+01	9.907993e+01	1.032405e+01
5.640000e+01	5.530906e+01	8.230952e+00
6.110000e+01	6.308781e+01	8.575566e+00
6.580000e+01	4.205584e+01	7.612069e+00
7.050000e+01	3.644425e+01	7.326449e+00
7.520000e+01	3.177449e+01	7.045633e+00
7.990000e+01	2.039679e+01	6.442860e+00
8.460000e+01	1.727689e+01	6.359395e+00
8.930000e+01	2.242526e+01	6.680143e+00
9.400000e+01	2.348088e+01	6.745434e+00
9.870000e+01	1.179706e+01	6.058586e+00
1.034000e+02	1.146665e+01	6.035940e+00
1.081000e+02	1.032766e+01	5.964375e+00
1.128000e+02	1.019862e+01	6.011074e+00
1.175000e+02	7.357891e+00	5.838406e+00
1.222000e+02	1.093315e+01	6.015790e+00
1.269000e+02	1.238405e+01	6.061328e+00
1.316000e+02	9.273224e+00	5.906226e+00
1.363000e+02	1.331889e+01	6.174619e+00
1.410000e+02	1.331704e+01	6.191382e+00
1.457000e+02	9.306299e+00	5.952282e+00
1.504000e+02	9.940851e+00	5.964542e+00
1.551000e+02	6.204521e+00	5.786495e+00
1.598000e+02	1.086788e+01	6.025524e+00
1.645000e+02	8.212890e+00	5.894668e+00
1.692000e+02	4.275513e+00	5.704658e+00
1.739000e+02	1.036649e+01	5.981423e+00
1.786000e+02	4.756602e+00	5.711763e+00
1.833000e+02	6.369356e+00	5.789921e+00
1.880000e+02	3.574150e-01	5.489295e+00
1.927000e+02	2.763145e-01	5.494519e+00
1.974000e+02	4.717306e+00	5.703278e+00
2.021000e+02	7.250033e+00	5.838719e+00
2.068000e+02	6.235092e+00	5.774629e+00
2.115000e+02	5.855879e+00	5.775270e+00
2.162000e+02	2.694908e+00	5.623281e+00
2.209000e+02	9.730892e+00	5.954464e+00
2.256000e+02	5.764104e+00	5.780352e+00
2.303000e+02	1.250088e+00	5.543956e+00
2.350000e+02	-1.186388e+00	5.402702e+00
2.397000e+02	6.359427e+00	5.836665e+00
2.444000e+02	5.350173e+00	5.828742e+00
2.491000e+02	1.300164e+00	5.531716e+00
2.538000e+02	1.201338e+00	5.534371e+00
2.585000e+02	2.251889e+00	5.586847e+00
2.632000e+02	6.245831e+00	5.803680e+00
2.679000e+02	1.039186e+01	5.942777e+00
2.726000e+02	5.331599e+00	5.733550e+00
2.773000e+02	5.339277e+00	5.732452e+00
2.820000e+02	7.296798e+00	5.837280e+00
2.867000e+02	1.323691e+01	6.134985e+00
2.914000e+02	3.664563e+00	5.664865e+00
2.961000e+02	7.143448e+00	5.818652e+00
3.008000e+02	8.291607e+00	5.886697e+00
3.055000e+02	1.182520e+01	6.067984e+00
3.102000e+02	1.904137e+01	6.421020e+00
3.149000e+02	1.699409e+01	6.369099e+00
3.196000e+02	1.033919e+01	5.986102e+00
3.243000e+02	6.285083e+00	5.793516e+00
3.290000e+02	6.630785e+00	5.820030e+00
3.337000e+02	5.744878e+00	5.772423e+00
3.384000e+02	5.292084e+00	5.767874e+00
3.431000e+02	3.260988e+00	5.668247e+00
3.478000e+02	1.685835e+00	5.575316e+00
3.525000e+02	5.239532e+00	5.760022e+00
3.572000e+02	4.186652e+00	5.701605e+00
3.619000e+02	2.618890e-01	5.499897e+00
3.666000e+02	2.196913e+00	5.583440e+00
3.713000e+02	1.220650e+00	5.530027e+00
3.760000e+02	6.385390e+00	5.771201e+00
3.807000e+02	-1.534978e-01	5.466783e+00
3.854000e+02	5.450020e+00	5.745428e+00
3.901000e+02	1.815292e+00	5.548058e+00
3.948000e+02	2.210693e+00	5.575715e+00
3.995000e+02	6.294773e+00	5.809085e+00
4.042000e+02	3.693026e+00	5.672028e+00
4.089000e+02	7.820488e+00	5.861000e+00
4.136000e+02	1.292065e+01	6.145031e+00
4.183000e+02	1.790790e+01	6.434695e+00
4.230000e+02	1.287401e+01	6.170397e+00
4.277000e+02	2.145127e+01	6.557611e+00
4.324000e+02	1.172707e+01	6.056254e+00
4.371000e+02	1.730698e+01	6.337905e+00
4.418000e+02	1.188431e+01	6.058866e+00
4.465000e+02	1.327132e+01	6.158645e+00
4.512000e+02	1.332210e+01	6.138368e+00
4.559000e+02	6.406317e+00	5.800895e+00
4.606000e+02	1.035123e+01	5.989011e+00
4.653000e+02	1.039883e+01	6.002897e+00
