# $E$ (mev)	Int (arb. units)	Err. bars (arb. units)
-2.679000e+02	8.398799e-01	2.756428e+00
-2.632000e+02	1.335852e-03	2.713155e+00
-2.585000e+02	4.211135e-01	2.735852e+00
-2.538000e+02	-1.033488e-01	2.708671e+00
-2.491000e+02	-7.329834e-01	2.674957e+00
-2.444000e+02	-1.151814e+00	2.653151e+00
-2.397000e+02	-7.317744e-01	2.675894e+00
-2.350000e+02	-4.175557e-01	2.692945e+00
-2.303000e+02	-1.255124e+00	2.649068e+00
-2.256000e+02	-9.433067e-01	2.664394e+00
-2.209000e+02	-8.372631e-01	2.670605e+00
-2.162000e+02	-1.035548e-01	2.709364e+00
-2.115000e+02	2.090653e-01	2.725304e+00
-2.068000e+02	-9.437873e-01	2.664741e+00
-2.021000e+02	-6.285533e-01	2.681748e+00
-1.974000e+02	-9.437335e-01	2.662685e+00
-1.927000e+02	6.284045e-01	2.746086e+00
-1.880000e+02	3.152831e-01	2.731385e+00
-1.833000e+02	-1.008948e-01	2.708869e+00
-1.786000e+02	-1.010625e-01	2.701829e+00
-1.739000e+02	-3.111597e-01	2.696697e+00
-1.692000e+02	6.311557e-01	2.744916e+00
-1.645000e+02	-8.383474e-01	2.669018e+00
-1.598000e+02	-9.446663e-01	2.664339e+00
-1.551000e+02	7.325651e-01	2.749137e+00
-1.504000e+02	-3.127694e-01	2.697448e+00
-1.457000e+02	8.327487e-01	2.757695e+00
-1.410000e+02	1.148592e+00	2.773948e+00
-1.363000e+02	1.043135e+00	2.769059e+00
-1.316000e+02	-1.079765e-01	2.708224e+00
-1.269000e+02	-6.312598e-01	2.680669e+00
-1.222000e+02	3.099075e-01	2.729377e+00
-1.175000e+02	2.827302e+00	2.862343e+00
-1.128000e+02	-4.214464e-01	2.692014e+00
-1.081000e+02	-5.249277e-01	2.686932e+00
-1.034000e+02	-1.046122e+00	2.659435e+00
-9.870000e+01	-3.118247e-01	2.696432e+00
-9.400000e+01	-1.029313e-01	2.707892e+00
-8.930000e+01	1.995217e+00	2.814364e+00
-8.460000e+01	2.108202e-01	2.725741e+00
-7.990000e+01	6.306387e-01	2.747476e+00
-7.520000e+01	-9.416830e-01	2.663813e+00
-7.050000e+01	-6.271817e-01	2.680831e+00
-6.580000e+01	-3.144750e-01	2.697432e+00
-6.110000e+01	3.175427e-01	2.732822e+00
-5.640000e+01	2.142009e-01	2.727628e+00
-5.170000e+01	-3.091562e-01	2.697032e+00
-4.700000e+01	5.501208e-03	2.714123e+00
-4.230000e+01	6.344238e-01	2.745515e+00
-3.760000e+01	1.257780e+00	2.782072e+00
-3.290000e+01	3.771997e+00	2.910970e+00
-2.820000e+01	3.983889e+00	2.924203e+00
-2.350000e+01	3.983191e+00	2.923481e+00
-1.880000e+01	5.133613e+00	2.981656e+00
-1.410000e+01	1.079048e+01	3.275707e+00
-9.400000e+00	2.231919e+01	3.874731e+00
-4.700000e+00	3.761614e+01	4.650185e+00
0.000000e+00	4.630416e+01	5.100107e+00
4.700000e+00	5.467746e+01	5.537899e+00
9.400000e+00	5.079778e+01	5.331469e+00
1.410000e+01	5.426889e+01	5.524846e+00
1.880000e+01	4.996880e+01	5.297985e+00
2.350000e+01	5.122381e+01	5.377444e+00
2.820000e+01	4.463426e+01	5.034144e+00
3.290000e+01	3.708186e+01	4.631542e+00
3.760000e+01	3.038494e+01	4.291715e+00
4.230000e+01	3.530670e+01	4.548834e+00
4.700000e+01	2.084508e+01	3.799502e+00
5.170000e+01	1.854901e+01	3.686607e+00
5.640000e+01	1.498883e+01	3.504189e+00
6.110000e+01	1.120893e+01	3.302475e+00
6.580000e+01	1.026612e+01	3.249626e+00
7.050000e+01	6.495234e+00	3.058912e+00
7.520000e+01	5.345749e+00	2.992721e+00
7.990000e+01	7.126802e+00	3.086825e+00
8.460000e+01	7.129971e+00	3.089090e+00
8.930000e+01	5.764761e+00	3.017420e+00
9.400000e+01	2.304693e+00	2.835420e+00
9.870000e+01	2.934638e+00	2.868323e+00
1.034000e+02	2.515824e+00	2.848076e+00
1.081000e+02	2.723963e+00	2.858239e+00
1.128000e+02	1.050951e+00	2.765833e+00
1.175000e+02	3.144430e+00	2.878631e+00
1.222000e+02	1.992165e+00	2.819143e+00
1.269000e+02	1.256935e+00	2.780528e+00
1.316000e+02	1.044858e+00	2.769276e+00
1.363000e+02	1.152756e+00	2.774162e+00
1.410000e+02	1.988555e+00	2.818369e+00
1.457000e+02	1.678059e+00	2.803465e+00
1.504000e+02	1.992377e+00	2.820481e+00
1.551000e+02	2.201658e+00	2.832947e+00
1.598000e+02	3.447152e+00	2.897496e+00
1.645000e+02	2.820737e+00	2.867032e+00
1.692000e+02	1.467084e+00	2.791650e+00
1.739000e+02	2.725033e+00	2.857422e+00
1.786000e+02	1.151761e+00	2.777387e+00
1.833000e+02	4.184671e-01	2.736743e+00
1.880000e+02	4.157797e-01	2.736835e+00
1.927000e+02	-2.084749e-01	2.703152e+00
1.974000e+02	1.357198e+00	2.787329e+00
2.021000e+02	9.426102e-01	2.763876e+00
2.068000e+02	-2.116537e-01	2.703708e+00
2.115000e+02	2.618567e+00	2.854054e+00
2.162000e+02	4.216409e-01	2.736814e+00
2.209000e+02	-1.055161e-01	2.707477e+00
2.256000e+02	-3.147424e-01	2.699288e+00
2.303000e+02	8.378526e-01	2.756976e+00
2.350000e+02	1.469299e-03	2.713668e+00
2.397000e+02	3.163416e-01	2.729658e+00
2.444000e+02	9.447675e-01	2.763740e+00
2.491000e+02	-2.058772e-01	2.703749e+00
2.538000e+02	1.996649e+00	2.806435e+00
2.585000e+02	1.078215e-01	2.719915e+00
2.632000e+02	2.831115e+00	2.862733e+00
2.679000e+02	1.154564e+00	2.773649e+00
2.726000e+02	1.467294e+00	2.793786e+00
2.773000e+02	2.077266e-01	2.726029e+00
2.820000e+02	-5.251407e-01	2.686388e+00
2.867000e+02	2.068733e-01	2.724642e+00
2.914000e+02	-2.100698e-01	2.701924e+00
2.961000e+02	1.029498e-01	2.719728e+00
3.008000e+02	1.571465e+00	2.797059e+00
3.055000e+02	1.151940e+00	2.774260e+00
3.102000e+02	1.151627e+00	2.774297e+00
3.149000e+02	5.226352e-01	2.741150e+00
3.196000e+02	1.151801e+00	2.774721e+00
3.243000e+02	8.362781e-01	2.758821e+00
3.290000e+02	2.081182e-01	2.725537e+00
3.337000e+02	-1.051054e-01	2.708879e+00
3.384000e+02	-9.420735e-01	2.664066e+00
3.431000e+02	-1.253817e+00	2.646976e+00
3.478000e+02	-7.335045e-01	2.675472e+00
3.525000e+02	-3.141494e-01	2.697286e+00
3.572000e+02	3.133252e-01	2.730761e+00
3.619000e+02	1.048919e+00	2.763037e+00
3.666000e+02	3.155400e-01	2.727093e+00
3.713000e+02	4.191540e-01	2.732958e+00
3.760000e+02	-1.041493e-01	2.708421e+00
3.807000e+02	1.049025e+00	2.768804e+00
3.854000e+02	-3.135170e-01	2.693486e+00
3.901000e+02	8.414176e-01	2.756364e+00
3.948000e+02	-1.040778e-01	2.706508e+00
3.995000e+02	-5.248419e-01	2.686186e+00
4.042000e+02	-9.413711e-01	2.663634e+00
4.089000e+02	1.947217e-03	2.713297e+00
